# Created by Octave 4.0.0, Fri Nov 18 16:39:05 2016 Hora est. Pacífico, Sudamérica <unknown@HEEC>
# name: DatK
# type: matrix
# rows: 1
# columns: 50
 2000 2000 2000 2000 2000 2000 2000 2000 2000 2000 2000 2000 2000 2000 2000 2000 2000 2000 2000 2000 2000 2000 2000 2000 2000 2000 2000 2000 2000 2000 2000 2000 2000 2000 2000 2000 2000 2000 2000 2000 2000 2000 2000 2000 2000 2000 2000 2000 2000 2000


# name: DatF
# type: matrix
# rows: 1
# columns: 50
 -391.6616570377141 -377.5249379892267 -391.6616570377141 -391.6616570377142 -391.6616570377142 -391.6616570377142 -391.6616570377142 -391.6616570377141 -391.6616570377142 -391.6616570377142 -391.6616570377141 -391.6616570377142 -391.6616570377141 -391.6616570377142 -391.6616570377142 -391.6616570377142 -391.6616570377142 -391.6616570377141 -391.6616570377142 -391.6616570377142 -391.6616570377142 -391.6616570377142 -377.5249379892267 -391.6616570377141 -391.6616570377142 -391.6616570377141 -391.6616570377141 -391.6616570377142 -391.6616570377142 -391.6616570377142 -391.6616570377142 -391.6616570377142 -377.5249379892267 -391.6616570377142 -391.6616570377142 -391.6616570377141 -391.6616570377142 -391.6616570377141 -391.6616570377142 -391.6616570377142 -377.5249379892267 -391.6616570377142 -391.6616570377141 -391.6616570377142 -391.6616570377142 -391.6616570377141 -391.6616570377141 -391.6616570377142 -391.6616570377141 -391.6616570377142


# name: DatP
# type: matrix
# rows: 50
# columns: 10
 -2.903534047718286 -2.90353401326926 -2.903534059155713 -2.903534033844567 -2.903533997387343 -2.903534011618868 -2.903534014298527 -2.903534016871763 -2.903534067492066 -2.903534049269569
 -2.903534030078196 2.746802782998101 -2.903534008056567 -2.903534031891692 -2.903533998723915 -2.903534026277515 -2.903534061308266 -2.903534025510944 -2.903534031037202 -2.903534057675619
 -2.90353402727227 -2.903534049538567 -2.903534033779235 -2.903534029314194 -2.903534061305243 -2.903534032054079 -2.903534056973514 -2.903534057378411 -2.903533987990424 -2.903534046833783
 -2.903534039382503 -2.903534032052715 -2.903534032508521 -2.903534036527926 -2.903534016546739 -2.903534049408223 -2.903534020341876 -2.90353400523594 -2.903534065458993 -2.90353401347644
 -2.903534034073981 -2.903534030351891 -2.903534031030874 -2.903534006135292 -2.903534017668889 -2.903534022798423 -2.903534024966947 -2.903534035991024 -2.903534001031248 -2.90353399241805
 -2.903534017439238 -2.903534020870917 -2.903534039353428 -2.903534034668191 -2.903534017424116 -2.903534044871061 -2.903534031772724 -2.903534024039182 -2.903534064766747 -2.903534025532734
 -2.903534036459302 -2.903534034059944 -2.903534025752337 -2.903534036466745 -2.903534047558483 -2.903534013453967 -2.903534030722667 -2.903533994565066 -2.903533990162498 -2.90353401228336
 -2.903534020419629 -2.903534052867474 -2.903534009193987 -2.903534050582945 -2.903534016156097 -2.903534042300046 -2.903534009591666 -2.903534046116219 -2.903534028678151 -2.903534018341714
 -2.903534020298064 -2.903534027574474 -2.90353401998331 -2.903534033306056 -2.903534011127194 -2.903534035259396 -2.903534028883919 -2.903534031190956 -2.903534008773939 -2.903534044172194
 -2.903534018901222 -2.903534028220044 -2.903534043661409 -2.903534016282076 -2.903534013954484 -2.903534054296744 -2.903534029307024 -2.903533999773724 -2.903534020185159 -2.903534043555194
 -2.903534035208264 -2.903534049735327 -2.903534068529342 -2.903534038586142 -2.903534015872729 -2.903534025984039 -2.903534044841165 -2.903534023718134 -2.903534043818842 -2.903534032490052
 -2.903534032812191 -2.903534037425628 -2.903534024787529 -2.903534008914966 -2.90353403919361 -2.9035340144605 -2.903534033729348 -2.903534041724554 -2.903534023337414 -2.903534044827691
 -2.903534010388113 -2.903534011699628 -2.903534032037881 -2.90353404574542 -2.903534022434961 -2.903533994824007 -2.903533983860015 -2.903534028635101 -2.90353399774501 -2.903534012559932
 -2.903534024720264 -2.903534035177264 -2.903534019075595 -2.903534008100478 -2.903534044174604 -2.903534011998057 -2.903534027384333 -2.903534016969131 -2.903534053050497 -2.903533996963146
 -2.903534038352105 -2.903534034432379 -2.903534031410615 -2.903534048904176 -2.903534030420306 -2.903534031766025 -2.903534029687423 -2.903534025039711 -2.903534046419364 -2.903534019829078
 -2.903534023156871 -2.903534022144364 -2.90353401638199 -2.903534017423075 -2.903534003510563 -2.903534047169242 -2.903534038989783 -2.903534066958567 -2.903534058666163 -2.903534018417458
 -2.903534030624035 -2.90353403283803 -2.903534047371366 -2.903534023636115 -2.903534009468928 -2.903534042836758 -2.903534024534337 -2.903533998003073 -2.903534057590767 -2.903534003922381
 -2.903534021252773 -2.903534048901447 -2.90353405298431 -2.90353400554949 -2.903534000745113 -2.903534038583358 -2.903534018436066 -2.903534041839462 -2.903534019966078 -2.903534063219802
 -2.903534022821531 -2.903534023604716 -2.903534021881025 -2.903534037869498 -2.903534045325209 -2.903534046250819 -2.903534034616222 -2.903534038759519 -2.903534028175366 -2.90353398899957
 -2.903534021054198 -2.903534027005681 -2.903534024469231 -2.90353402079328 -2.903534042721024 -2.903534051220112 -2.903534035931048 -2.903534052083259 -2.903534036532457 -2.903534036898439
 -2.903534028159012 -2.903534019434542 -2.903534038162444 -2.903534054929551 -2.903534030497767 -2.903534040491439 -2.903534027351358 -2.903533993618575 -2.903534052960467 -2.90353401011417
 -2.903534026779305 -2.903534032620489 -2.903534007956913 -2.90353403404413 -2.903534036933148 -2.903534017228381 -2.90353403343489 -2.903534043160247 -2.903534062265739 -2.903534022609792
 -2.903534035246079 -2.903534028955914 2.746802770179275 -2.903534016639712 -2.903534049486284 -2.903534003297897 -2.903534038349996 -2.90353403316871 -2.903533990618453 -2.903534002072077
 -2.903534004402371 -2.903534025664199 -2.903534053973187 -2.903534023035045 -2.903534042902474 -2.903534011659104 -2.903534029693045 -2.903534039772521 -2.90353406392558 -2.903533994092454
 -2.903534031144323 -2.903534031979484 -2.903534028699212 -2.903534043502662 -2.903534024749252 -2.903534053484207 -2.90353403932577 -2.903534021808955 -2.90353406684748 -2.903534029847151
 -2.903534031435057 -2.903534044973398 -2.903534008220999 -2.90353404977326 -2.903534027923512 -2.903534004879023 -2.903533986557088 -2.903534009848414 -2.90353402559881 -2.90353399998763
 -2.903534013475094 -2.903533999152057 -2.903534005804866 -2.903534068828988 -2.903534048539483 -2.903534035314205 -2.903534015952086 -2.903534024335429 -2.903534052765428 -2.903534055466225
 -2.903534023409483 -2.903534033774215 -2.903534030071646 -2.903534032577322 -2.903534024128066 -2.903534010110896 -2.903534037934568 -2.903534024163717 -2.903534022047082 -2.903534026916378
 -2.903534029686451 -2.90353403021547 -2.903534030159991 -2.903534043917043 -2.903534051246692 -2.903534006226733 -2.903534032376031 -2.903534057234298 -2.903534016431962 -2.903534040161905
 -2.903534026840187 -2.903534022999912 -2.903534030355611 -2.90353402552466 -2.903534055267389 -2.903534015269415 -2.903534026076889 -2.903534021138797 -2.903534048458208 -2.903533989271609
 -2.903534024921463 -2.903534025602081 -2.903534033539525 -2.903534016162676 -2.903534014717374 -2.903534003995869 -2.903534029986448 -2.903534056228469 -2.903534052059333 -2.903534052805597
 -2.90353402100099 -2.903534024994353 -2.90353403389636 -2.903534032337769 -2.903534014078625 -2.903534020924876 -2.903534022073776 -2.903533992296472 -2.903534027224707 -2.903534050927732
 -2.903534021212709 -2.903533987402977 -2.903534023859186 -2.903534039693984 -2.903534018405489 -2.903534020715365 -2.903534020580978 2.746802784855329 -2.903534026489407 -2.903534040990075
 -2.903534031200677 -2.903534026744608 -2.903534020907608 -2.903534023670264 -2.903534052841962 -2.903534018508626 -2.90353402159923 -2.903533997111137 -2.903534001369577 -2.903534039789293
 -2.903534034620411 -2.903534035658125 -2.903534028686348 -2.903534016110307 -2.903534026109737 -2.90353402843651 -2.903534018513379 -2.903534016123626 -2.903534035017684 -2.903534061738839
 -2.903534055446445 -2.903534041879209 -2.903534019668097 -2.903534036486568 -2.903534054953882 -2.90353401874894 -2.90353398197805 -2.903534010578319 -2.903534017901729 -2.903533991567543
 -2.903534029951527 -2.903534034800957 -2.903534025094137 -2.903534055513171 -2.903534037176921 -2.903534015001163 -2.903534030804377 -2.903534010078643 -2.903533992629779 -2.903534045967322
 -2.903533985471527 -2.903534034405963 -2.903534018191849 -2.903534002901007 -2.903534017329821 -2.903534018590514 -2.903534039807926 -2.903534027816295 -2.903534048148385 -2.903534012184028
 -2.903534031276318 -2.903534031235571 -2.903534025541722 -2.90353402601776 -2.903534009345967 -2.90353403957704 -2.903534028758343 -2.903533994935912 -2.903534057845495 -2.903534038856986
 -2.90353402672764 -2.903534030705563 -2.903534016835331 -2.903534025779526 -2.903534040872365 -2.903534023612155 -2.903534023813844 -2.903534042561725 -2.903533999571566 -2.903533990437303
 -2.903534031291079 -2.903534031258493 -2.90353402912718 -2.903534011256345 2.746802766988756 -2.903534040930068 -2.903534033952143 -2.903534007010618 -2.903534031165186 -2.903534029984598
 -2.903534024654431 -2.90353403272021 -2.903534030947747 -2.903534050524673 -2.903534000551652 -2.903534036285253 -2.90353402974712 -2.90353405499705 -2.903534048853148 -2.903534042693881
 -2.903534046836165 -2.903534047893392 -2.903533998870807 -2.903534002878895 -2.903534006919691 -2.903534036344432 -2.903533997535558 -2.903534021586019 -2.903534030432659 -2.90353399119208
 -2.903534022111764 -2.903534031586946 -2.903534016955947 -2.903534020066546 -2.903534050585013 -2.903534019768877 -2.90353402317259 -2.903534040108553 -2.90353399316841 -2.903534032895381
 -2.903534038982424 -2.903534031005375 -2.903534011089513 -2.903534031918962 -2.903534004568166 -2.903534017151253 -2.903534030282872 -2.903534000445553 -2.903534027688674 -2.903534024330648
 -2.90353405900949 -2.903534033005172 -2.903534044456013 -2.903534032246258 -2.903534049156268 -2.903534011565093 -2.903534038827924 -2.903534070344507 -2.903533984934852 -2.90353399616411
 -2.90353400258386 -2.903534012709375 -2.903534042938733 -2.903534021441327 -2.903534035491459 -2.903533993027502 -2.903534037234974 -2.903534017421431 -2.903534061327941 -2.903534026730121
 -2.903534037359213 -2.903534025964722 -2.903534013794093 -2.903534036560059 -2.903534047614554 -2.903534026292515 -2.903534024909304 -2.903534048611956 -2.903534056463165 -2.903534022453152
 -2.903534000500168 -2.903534025292182 -2.90353401152532 -2.903534029175146 -2.903534008653152 -2.903534034261889 -2.903534042703487 -2.903533997227036 -2.903534006364696 -2.903533992780094
 -2.903534027537503 -2.903534034419612 -2.903534019608397 -2.903534031869109 -2.903534050262497 -2.903534013973753 -2.903534029039249 -2.903534010395409 -2.903533989723642 -2.903534049835796


# name: DatT
# type: matrix
# rows: 1
# columns: 50
 27.34364199638367 26.98240399360657 27.86949181556702 27.6430139541626 27.2936098575592 27.59330892562866 27.30611610412598 27.49374294281006 27.46522402763367 27.02293014526367 27.20154786109924 27.27709913253784 27.40518403053284 27.43219995498657 27.34614396095276 27.05344986915588 27.07246398925781 27.63383507728577 27.04644703865051 27.03093791007996 26.93837404251099 27.47522902488708 27.54927706718445 27.1029851436615 27.30361700057983 27.44776916503906 27.04994606971741 27.13750505447388 26.93437099456787 27.10698699951172 27.17202711105347 27.14701199531555 27.4101870059967 27.19504404067993 26.96489191055298 27.43970704078674 27.07396507263184 27.08997488021851 27.18603801727295 27.31362318992615 26.58563995361328 27.15401697158813 27.0764639377594 26.85281801223755 27.32613015174866 26.91685914993286 27.3216278553009 27.42919993400574 27.32412981987 27.46122097969055


