# Created by Octave 4.0.0, Fri Nov 18 23:15:59 2016 Hora est. Pacífico, Sudamérica <unknown@HEEC>
# name: DatK
# type: matrix
# rows: 1
# columns: 50
 2000 2000 2000 2000 2000 2000 2000 2000 2000 2000 2000 2000 2000 2000 2000 2000 2000 2000 2000 2000 2000 2000 2000 2000 2000 2000 2000 2000 2000 2000 2000 2000 2000 2000 2000 2000 2000 2000 2000 2000 2000 2000 2000 2000 2000 2000 2000 2000 2000 2000


# name: DatF
# type: matrix
# rows: 1
# columns: 50
 0.3782418187705221 0.1195621620209877 0.4249678625196205 0.5444361723803608 0.4432006040168901 0.234992537895457 0.4409120052619557 0.2228425451016625 0.2551436481552677 0.3806100313787747 0.2969756352194691 0.2895787208071408 0.2459599477702206 0.4010297031348697 0.1160301765359986 0.1592593788201805 0.4811900537091125 0.6379517797771556 0.477975521095636 0.5002881735195706 0.1977808404511138 0.2214723965633999 0.4096746116583463 0.4893011730223783 0.1394595622165462 0.3506359966620829 0.6277042476557431 0.5488691856662529 0.3697699209312524 0.315146793998342 0.2760606505942921 0.1964720671553214 0.2061385335168016 0.651241171570964 0.5239174721016684 0.2767003243920017 0.4943869209996881 0.1622702423811789 0.3941048290612346 0.9060289138668988 0.512977709629839 0.4463398112039362 0.6029312402778801 0.1524141205798282 0.2493618808566216 0.4897400437540497 0.34762740277085 0.4760128069431231 0.3052225741724243 0.2451348952356338


# name: DatP
# type: matrix
# rows: 50
# columns: 10
 -12.72771886953749 -17.73663581454865 5.577662409032059 -12.2127969461352 0.4022012600200308 7.918824828352281 -7.798625140124715 -8.632277922483688 8.52120457922312 10.28280650819123
 0.003961438073196909 -0.03042361778999228 -5.439952743363303 6.258346260947595 -14.05655395616028 -7.741225271709645 -0.2442438666437859 -0.326234320754171 -0.166003382049318 -9.782468934705099
 6.247517798750194 8.736699763024941 -5.37971698356279 -12.94866763599855 -7.059938799317069 0.8587430533253709 1.492783016824416 1.279210706731122 0.6878415831027401 0.5681019852467338
 -6.295883953599586 -3.615285906099442 5.649501509733881 0.6349295248754999 7.350357032848245 -7.529574141458456 0.9357839000157985 -8.088174125682716 -0.5865482785465354 -7.806420834201068
 12.48550505818945 4.414046797577887 10.81571600512002 12.55852618628602 -0.582123319550944 -0.8310758125508592 -15.13257946212546 -0.5553671046422882 -0.0009784197805983942 -10.0210244539162
 -0.02401070814727168 4.474117856703641 -0.5745250739350914 0.2824489144400227 -0.05668022866182992 0.1331588719744924 -8.234885445468098 8.862393146232643 -1.411133032383668 -9.967810714895167
 3.270712190683157 -13.41294712080567 -5.537049376643221 -0.02262029835701802 -6.885723372866908 -30.97089270482904 -0.2432458487886853 9.558439922775539 -10.18928369482795 -0.3646672556579564
 9.452552083011446 -4.466135415285563 5.464931533221795 -0.6511189842946767 7.154315242793688 -8.236996410504055 0.6357414139781097 0.05304514118438657 -0.6916567898452879 9.527914599008815
 -3.214551023342128 8.855298353830065 5.648025682219347 0.4874566535168335 6.917255435771849 0.6501472938114299 8.317935292268738 -0.1196941067191998 10.51235272797611 10.31901106420827
 -6.332402776737765 4.368725807753155 -5.392940850760486 -6.037683872564634 -6.561756303762416 0.5349478803087658 -1.335143646830059 1.163112604918688 8.282384980378707 9.761903515252921
 3.118738010230117 8.918192349037279 -10.90822470471648 -0.1698373196656977 20.81300571020604 0.4811848304410011 16.28940630756178 0.6609167558119834 -0.3232244498317393 -0.1238525092822734
 2.958155375542511 -4.617495187742184 -10.8306252734033 -6.078773987874623 6.691181807026987 -7.086879109230666 -0.8529035779207452 9.263695150360462 1.10626159502509 -0.5691615328833733
 -9.320760846927003 -0.2078071886275504 -0.3671213631542349 -6.029301229818582 -7.219635475653136 -1.136796387269443 0.1631668906026168 -9.278872172797216 0.325521622841561 0.6068104552715105
 -3.020016338111658 -8.486567335474295 -0.2456120723621628 7.169080425764157 -6.575344151653869 -8.190723487800426 -0.5498844814512931 17.61142861446132 8.832403979925905 9.609179384046133
 -6.341754421388202 8.871537672043814 -0.1183359397791595 -6.257921680855772 0.2661648452273372 -7.701300482077493 8.44491264365463 -8.751499411167822 -0.2305222313813436 0.4069751180320909
 0.04105480035552375 0.05448972796726163 -5.48588898409552 6.239281251722065 7.079018425032636 -7.240460694649249 -0.6744486554696325 0.2413254944326371 9.005480785338486 -10.28053923359293
 2.663529312353139 4.655057700835288 -10.44396610924105 -5.930473456260128 0.3659568244707606 15.72951960308688 8.480520862071268 -9.142908768005594 10.18087777126647 -19.68904458982154
 18.91902225598172 -9.03690320347534 -10.3615414216852 5.352187402997776 0.1540123210058862 8.464866107732254 0.1198384457981639 8.306644958345707 1.712965189899468 8.149787655415349
 9.119143856548877 0.128340405349465 5.472090289321229e-009 12.5272141432174 6.997472485732786 1.086766244393993 9.199557243930959 -0.03382835848233978 -9.579980669540751 2.08079305224892
 -0.1137953884242241 8.90686330457055 -4.406464909690444 6.790640849241158 -6.843532198630818 -7.714147389417896 -16.85619715695004 1.686170158652235 -0.2975189173751895 -0.6930026135766449
 3.057009427262874 8.986134195391617 -0.2299859583380089 5.877684498078349 0.7168517611231017 -7.87456008632387 -8.009689078275668 0.1058415252983354 -0.02585442331813247 0.9599087381110584
 9.521445747463938 -4.401142372966383 16.24611261256411 -6.51123312316107 -0.1516335708024728 -0.3795826971535568 -8.48654601706372 -0.4199240571882292 9.644217985894178 0.8430902027261717
 -9.411776996292554 13.3902257745541 0.4017282403735257 -0.5047704455105758 -0.3976775472719655 -22.86740476229363 -8.288086913002232 -8.701043696441655 -0.7720137381697858 8.910526975629478
 -3.333076376867069 -0.01628915898921339 10.3874649487931 5.957092822301439 -0.4549397076289096 -7.712226126351822 6.324194309736415 -0.5263107033604044 0.7208004303649312 -1.385268485514357
 -3.181191598994578 8.853529221143852 5.562338248668373 6.271372412728915 6.75495316928057 0.4195925541580456 8.499441917028973 0.4911863053906717 -0.2146513631768049 9.746575809877124
 -0.1021784702215274 -4.302969757010721 -10.39190148641095 12.92733729888776 0.04555878448573236 7.405045107451856 -8.807661044480444 -8.848977645145506 9.294750365310836 -8.46924156573594
 12.57219772828403 17.84214456604851 -0.06694008096385858 5.787447086545858 6.01313581361613 -6.389495996690592 0.635920364295082 -17.66300143995927 9.907542136403711 -1.650558674892127
 -15.74672813315792 4.4612848726233 -11.22064501235317 -0.4450290202794795 -6.766278961361201 0.02887607087964976 -1.203293271637193 -7.631645620537716 -18.45419253473879 20.09014297748378
 -3.120375098389556 13.57090545269994 -5.209661595920775 -12.63946562272289 13.92082597134407 7.230605224527999 0.8637927769692075 -9.039605685854992 -1.129753089819835 -9.416311440954452
 18.82048065033113 0.172485473767255 -16.36502309873487 0.2461006340824528 -0.2033152452615468 -15.26487816602525 8.397753194313839 0.02654456771928227 0.9952337008451441 -0.4300021209883609
 3.057451902696227 -4.32270423140963 5.47588596849346 -12.44025858688543 -7.285420043327715 -7.673930462594373 -0.1781846563473845 0.3853902461608595 -9.606703279143044 -1.730865178903747
 -3.089744092417048 4.40716773489257 5.342069511465065 -6.341676931771983 6.640380493053683 -0.06229016938805908 -0.1032667473872221 -1.398955844668036 9.507295340831304 0.1185475983292573
 -6.261240821687158 -4.445523324593735 -0.1318983370288635 -12.89634554511635 -6.810911724519735 -8.330113020727161 0.4061003361702888 0.1364550919824544 -8.69134019924798 -0.4218310914254457
 -9.284360392441066 4.39156827986447 1.192132411924212 5.73461864304946 -0.4720342392251213 0.5983129476596791 -6.761233039951447 -8.512728541011432 -18.01906186356436 8.711510832481572
 -12.39881023419596 8.721783660924094 10.9863629632842 -0.2775546374014126 14.05737841343435 -8.221868428923562 1.686362650076661 -8.007564454617617 -1.002604153830797 -1.038065171397823
 3.148340862644579 -8.826646604762416 -11.07087359284734 0.8433362143684308 7.053226611680619 7.542469829799011 8.07999534569664 -9.171794245502443 0.1970498514701125 9.063118475401104
 -9.421579271124489 -4.768699092730003 -10.57110673803058 -0.3797063236336187 14.06044782541606 7.516012494658838 8.553510963265269 7.839344692007265 -7.733190505882471 -1.308403494138523
 3.152650837626392 0.1792161888943087 -5.381944048177068 0.1973507444176442 -0.1151386375029667 0.3614651793817685 -0.3458186351149083 -8.759846431606311 9.54209443117168 -1.252026070080273
 15.67492338412437 -4.053140907713067 -0.2029126380577881 0.1220942444131982 -0.01299721799176749 6.757981352982137 0.689184977348911 -7.897384783497731 18.78241244764529 -0.6295100366396902
 8.893461292104453 14.26293930421896 5.419857406255816 -0.5330776972409482 0.1750127731161715 -22.44629279231557 -0.2884083449236408 -17.57253280715543 2.195502906895603 -1.987639150443822
 3.117120531495997 -13.63539294498102 -5.57504901871323 -6.555057922636771 -0.6809544587095903 -6.749711708358402 -8.719702443707371 -9.792652163669594 9.479609378690956 -18.41540398747514
 3.241035604846022 4.402491108804583 -0.8658975223496802 0.7278556153228835 -0.3918190467387401 6.486583731218829 0.9797131281132637 0.1282157623654708 8.035925189592135 0.1891516848760992
 15.65766774939912 4.205736772591647 -26.11284258252043 -0.7152618373620295 -0.1207102250111731 15.43131920289777 0.581671117165655 -8.691650074130397 0.1984919362541594 0.5290411263336061
 3.096770751854642 8.771594301013668 5.334120602060938 -6.250665061618021 0.04921715068957967 -0.7329476573823613 8.676035481202979 0.3566572166250325 -0.7052209465399417 0.2097904028184541
 -6.23412031656057 -4.522772813235754 -5.259216074295753 5.363969837340004 0.2002724762285536 7.422695871332313 0.1262280892284441 -8.701995504593086 10.10626246713143 -0.6212395316581852
 6.238585168294184 4.660254350864744 16.27725823790461 -0.5237575847427184 7.28726204372572 7.135585969642297 6.907853262214931 9.937210759988993 8.940869047791749 8.923447784708639
 3.240535558598109 -8.797749429572558 -11.02047625490266 -0.02675679374647445 0.8734966765152232 8.046937503065868 0.9764602591841454 8.091075925916014 -0.9041731163744318 -10.44465069173379
 -3.303643892720861 0.2836434521460232 -11.25628145153527 0.6062892865391114 -6.912833401078886 -15.42188126746804 -16.75755128173645 8.980873790811316 8.293531323734117 -19.7162704427619
 -0.02784613843268196 4.338428048961394 -16.40699735489407 0.8402557814502634 -7.125670548659067 -0.4447025887213705 0.8699950904048281 -0.5699055786859905 0.128111762225243 -10.62077967903336
 6.279437676836062 0.3094502821796157 0.2971027290452048 -12.18767341470516 7.15212612321375 7.164085602118849 8.412750827845905 -8.947021277334077 9.203362247361083 9.499940599043057


# name: DatT
# type: matrix
# rows: 1
# columns: 50
 10.44443011283875 10.10470390319824 9.942099809646606 9.823518037796021 9.911576986312866 10.25530314445496 10.22578501701355 10.12421798706055 10.15774011611938 9.829020023345947 9.944595098495483 10.14122700691223 10.15373611450195 10.23729300498962 10.01814889907837 9.915077924728394 10.06217479705811 10.05267095565796 10.92674994468689 9.940093040466309 10.10370397567749 9.831022024154663 9.907072782516479 9.975619792938232 9.849035024642944 9.861541986465454 10.23428988456726 9.914077043533325 9.818013906478882 9.788995981216431 9.701936960220337 9.743966102600098 9.719949007034302 12.48027992248535 9.788496017456055 9.712444067001343 9.637895107269287 9.570848941802979 9.956607103347778 10.92474794387817 9.813010931015015 9.73145604133606 12.56383609771729 9.906075000762939 9.593863964080811 9.796000003814697 9.688930034637451 9.83802604675293 9.957106113433838 9.651901960372925


