# Created by Octave 4.0.0, Fri Nov 18 15:11:24 2016 Hora est. Pacífico, Sudamérica <unknown@HEEC>
# name: DatK
# type: matrix
# rows: 1
# columns: 50
 2000 2000 2000 2000 2000 2000 2000 2000 2000 2000 2000 2000 2000 2000 2000 2000 2000 2000 2000 2000 2000 2000 2000 2000 2000 2000 2000 2000 2000 2000 2000 2000 2000 2000 2000 2000 2000 2000 2000 2000 2000 2000 2000 2000 2000 2000 2000 2000 2000 2000


# name: DatF
# type: matrix
# rows: 1
# columns: 50
 3.946005084757759e-038 2.263363869046627e-037 3.282280517837347e-038 5.235071469915453e-038 3.096748686715845e-036 8.586317583509742e-038 7.73303666031627e-038 4.935932364241713e-037 5.402905594765353e-037 8.794929409719066e-037 1.517933839365543e-038 2.469485608901735e-037 3.934176166085058e-037 2.049819633240117e-037 1.567461115623837e-036 1.435636149143421e-036 1.240214302300429e-037 1.045021127288101e-037 1.4554567420514e-037 2.540009041404095e-037 1.8213239183787e-037 5.614793481405988e-038 2.809326101152867e-037 4.332322976098378e-038 3.661204786308146e-038 1.405074823585496e-037 1.408608908186789e-036 3.91197397009934e-038 6.129306601338271e-038 1.070333485796096e-037 9.400115101825203e-037 5.745928791940955e-038 8.39571598418442e-038 1.36538353757882e-037 1.190160420045693e-038 1.811177268852694e-038 2.174011104107881e-037 9.406516583138242e-038 2.725982145094708e-036 1.328255004021089e-037 1.067949453377686e-037 1.663419339242682e-037 9.575080626305527e-037 1.868224172388022e-036 2.428235735983932e-038 1.328547167229425e-037 8.122218259290009e-037 1.240265916116749e-036 5.441625375127051e-038 1.003310867155514e-037


# name: DatP
# type: matrix
# rows: 50
# columns: 10
 8.130138697287137e-020 6.025163488633717e-020 1.721201878239047e-020 1.114410436893931e-020 -4.426094751819228e-020 -8.272154764310373e-021 4.38019735615687e-021 -1.332793614779614e-020 3.831958794838552e-020 1.584511291017259e-019
 1.920323650216402e-019 8.811968568080582e-020 2.64443084148504e-019 1.32007679858876e-019 2.167417825799e-019 -2.802040293604856e-020 1.399981141301306e-019 -9.912219955968795e-020 -1.142599465417868e-019 6.400426003627502e-020
 2.243355109856858e-020 3.930889408124946e-020 2.241418248259352e-020 -7.571165056039999e-020 3.341038830706836e-020 -3.870056031629126e-020 -3.011619021671758e-022 1.057788852545431e-019 6.052854366929592e-020 -8.409962499388699e-020
 2.921502369013545e-020 -4.831053569468768e-020 1.194788096270971e-019 7.052491517214176e-020 1.837667232960063e-020 -7.470425276007036e-020 -1.200308313467631e-019 4.580510916339037e-020 -8.627812090811857e-020 6.818321482203142e-021
 6.56501888976598e-020 -6.160776257586449e-019 5.488865088200278e-019 -5.1627071936513e-019 -6.883852649037277e-019 5.194871022109077e-019 1.7132792868977e-019 -1.660483740543441e-019 -1.051174001272458e-018 4.893281294676205e-019
 -5.103040509496157e-020 8.96150226756411e-020 -5.510745344261976e-020 -1.337221802954008e-019 1.092724382201691e-019 1.491108673700655e-019 -5.945920358836229e-021 -2.76217244501409e-020 1.278828784406644e-019 -5.461600152595282e-020
 6.29525566390663e-020 4.280340319001726e-021 6.366668016686856e-020 -4.68724636723706e-020 -7.753401541010971e-020 1.894871593420698e-019 -1.296267083644963e-020 5.337051745755666e-020 6.710250902817018e-020 1.329001508667846e-019
 -1.000313425797393e-019 -2.61932527378661e-019 2.895187009025919e-020 -5.552829160949089e-020 -7.345121313442153e-020 2.435403535264052e-019 1.621973259856176e-019 -3.467752058054748e-019 2.451943073612765e-019 3.737224468622756e-019
 1.688449167550097e-019 1.151876477293451e-019 -1.887688080471753e-019 7.617375420204358e-021 -2.258803127136549e-020 9.787538474884488e-020 -4.634505373148056e-019 3.23791481052962e-019 3.526499688260723e-019 9.350367759576535e-020
 -2.580991678602147e-019 -7.86802323215814e-022 5.552618680960995e-020 6.379927864590757e-020 3.990997409168419e-019 8.084265570777398e-020 2.247643697872423e-019 3.910212727126958e-019 -5.543351560796195e-019 3.594487098310645e-019
 1.005081435591864e-019 1.865287350978512e-020 2.210633181256289e-021 -5.67172017245935e-020 -3.708491059922921e-020 -8.164659161004196e-021 3.644759850561662e-021 -2.485327631262266e-021 -4.013890910189385e-021 5.501746070927921e-021
 1.501368830413558e-019 -2.395218731522422e-019 1.686385575048298e-019 5.904728832768543e-020 -3.013964329572261e-020 3.112755666500582e-019 -3.187712653161849e-020 -1.389841361314687e-019 -1.287400318763164e-019 -2.008956433902156e-020
 2.439318948748417e-019 -2.700031268745862e-019 -9.719499126001275e-020 1.976249424164823e-019 1.752285647224072e-019 -2.381097158592802e-019 -6.4601308739926e-020 -2.468786633529285e-019 2.353649078937958e-020 -2.43788879911059e-019
 1.884061368999774e-019 -2.364492117620267e-019 1.437856620811633e-019 5.124751486699582e-020 -9.43076184083553e-020 2.202085988265459e-019 -1.106515039788409e-019 9.446870385262224e-020 2.749153010036792e-020 -1.047215703890733e-019
 -3.684699465994094e-019 1.595828793637997e-019 5.726122322094597e-019 -7.980668087066548e-019 -1.422733879724338e-019 3.850001967649034e-019 -3.692831947863578e-020 5.051828419795697e-019 5.94684329718918e-020 1.133673299117859e-019
 -4.062004363857067e-019 4.762272401699563e-019 -4.761003613420917e-019 -4.166035371123992e-019 -8.216495918242165e-020 -1.256219190867667e-019 -4.063697759947619e-019 4.288595912840969e-019 5.149325982535469e-019 8.28881019442537e-020
 6.038314340801165e-020 -6.989750507098715e-021 1.438927471201095e-019 -2.854264189139667e-020 2.960654723544046e-019 1.028676552086934e-020 4.542815223331728e-020 5.834847430293769e-020 -7.468445160488755e-020 -1.851607184924513e-022
 3.216805294548873e-020 -8.322450773374519e-020 2.184833352831125e-020 3.211750928800319e-020 6.852912127684221e-020 7.033553342858613e-020 -7.631696197115943e-020 -1.519153223352846e-019 1.063223481235445e-019 -2.125601398410528e-019
 2.29952086602654e-019 -1.021885463901976e-019 -3.731144266448188e-020 1.401329141624309e-019 -2.82268906236523e-020 -8.914873717683133e-020 1.472412694812941e-019 -1.364460931916548e-019 -1.039335456174293e-019 3.676780233684552e-020
 -2.891438622172564e-020 -7.846759159366194e-020 1.910724994825206e-020 2.509955742428613e-020 -4.089732048558704e-019 -1.003107648271217e-019 -1.786858488923924e-019 -3.840031892766963e-020 -1.720905505760133e-019 -7.531877707358054e-020
 2.84791357932158e-019 -2.197553991063496e-019 -1.29947714261593e-020 7.286103471851361e-020 -8.359185032766072e-020 4.009801049435511e-020 1.679614863926566e-019 8.168172173910681e-020 5.751996350221383e-020 2.166300344751449e-020
 -1.262791991286688e-019 8.647419300872343e-020 -2.865776388373157e-020 -1.188706313457749e-019 -6.746898308068333e-020 1.526338559921644e-020 -2.354828400970104e-020 6.250809849419499e-020 -8.588488180427872e-020 -3.389965486586479e-020
 -2.222916390939178e-019 -4.119144965083407e-020 2.723048773426867e-019 -1.406796352250769e-019 1.3438980325108e-019 1.810306697330893e-019 -1.541422380081256e-019 4.38681544273405e-020 2.289454960363265e-019 -8.335819407834804e-020
 -1.959067204317069e-020 2.490455752543185e-021 4.158843109614442e-020 -3.967267339732803e-020 -1.169444678235606e-020 1.42742769096757e-019 5.774345550684895e-020 -1.541591897823317e-020 3.160709697285757e-020 1.206088319264952e-019
 5.454055395358109e-020 -3.228201145112314e-020 -3.036912336386955e-020 -3.887748197629847e-020 6.81209255269015e-020 -6.447836677221043e-020 8.178645244024654e-020 -7.481280984764196e-020 -8.715606071894843e-020 -3.848929460410614e-020
 -6.757266791678585e-020 5.555690865319255e-020 -1.892427576611331e-019 -1.460418171361782e-019 -9.551982903304319e-020 -1.253118518018074e-019 -1.079738549632789e-019 -1.845529390602546e-019 -1.530211663469045e-020 -7.024542508249276e-020
 3.361465405045666e-019 -5.286363713559298e-019 -9.693600597726359e-020 -5.241990612950645e-019 2.05922275176208e-019 3.321503318025904e-019 2.233077390572765e-019 -6.453760959585701e-019 2.520934669851713e-019 -2.220836762827627e-019
 5.386618384282312e-021 -1.088874973107277e-019 -3.976087754242551e-020 9.308450701798144e-021 -5.704558881199834e-020 -5.511996344182639e-020 -7.205743892177682e-020 8.216892476795354e-020 5.732368808601319e-020 -6.359434601727285e-020
 7.993982036966807e-020 3.298240893160189e-020 1.071068667215548e-019 3.623323060104126e-020 -1.148624549908486e-019 6.284906757854793e-023 -1.471624966161812e-019 6.17530922728968e-020 -4.013805045894064e-020 2.748505972837689e-020
 -9.714044330113847e-020 -4.739417910097268e-020 1.567162701459055e-019 5.734969586603128e-020 7.902180738900232e-020 5.163905599533226e-020 1.522397857571123e-019 9.920414217496645e-020 1.592261680631863e-019 -1.481461314378522e-020
 -3.393233737508233e-019 -2.221548718819353e-019 1.447396200446662e-019 2.633664687200632e-019 3.656794844197373e-019 3.625040465946174e-019 1.746456949509327e-019 3.738659621388601e-020 -6.230288860943176e-019 3.518277847469392e-021
 -2.32457932703028e-020 7.252410777798994e-020 3.686874514286315e-020 -8.923805133637888e-020 -1.18307097354129e-019 8.198452670347946e-020 -6.834346631632205e-020 -7.448338819920398e-021 1.298855209757966e-019 4.674722378199572e-021
 -1.005770646132909e-019 -1.531156678460382e-019 1.155939713692046e-019 7.005562693010688e-020 3.17568425536002e-020 7.331145832733686e-021 -2.425550689984979e-020 -6.977239771650281e-020 2.401813452269825e-020 1.582138377702188e-019
 -2.302028417377204e-019 -2.401282265764638e-020 5.129031534797226e-020 2.372568860938134e-020 5.890774275586867e-020 -8.292692654147864e-022 1.005593487529289e-019 -1.132311047849613e-019 -2.290608958440721e-019 3.002691212658609e-020
 2.969357517538755e-020 2.928435043347319e-020 -3.510559186065294e-020 1.291328214714281e-020 1.04806786786342e-020 -8.112905765268707e-020 -1.853647974699794e-020 -3.793966417123236e-020 -7.098454918880451e-022 1.696689356112983e-020
 5.346236701128264e-020 8.582398867121798e-021 8.016228767881649e-020 6.259217826362859e-021 7.256755962597604e-020 1.643585621232046e-020 2.216065227731436e-021 2.375759478780101e-020 -4.333151235817063e-020 2.704769787100971e-020
 2.46851141817603e-019 1.702231107010944e-019 1.62851447037791e-019 -1.116494975370925e-019 -9.793027532384141e-021 -2.011964061945579e-020 2.481229980854167e-019 1.389774654557269e-019 8.125990544183322e-020 2.28008559504648e-020
 -8.665451122247958e-020 -9.686349795378552e-020 -1.377621162721486e-019 -7.385919791193963e-021 -8.395146856086901e-020 -7.655140900756311e-020 -2.682443373416851e-020 8.901810422498683e-020 1.622907873081647e-019 -1.012454034746589e-019
 -6.900588231667861e-019 -1.995250617646833e-019 9.474331538051351e-019 3.074840642941383e-020 5.945788410137231e-019 -3.364278413474134e-019 5.704362918527232e-019 -3.322030145253607e-020 5.028674263237705e-019 -5.151030764821807e-019
 3.410897587831754e-020 2.327129400026005e-020 2.265175863089995e-019 -3.276059841732525e-020 -1.15071060618508e-019 5.257121338704219e-020 5.537898087272313e-020 7.567040314680627e-020 -1.790033665410282e-019 1.479760899250308e-019
 9.167793847085229e-020 2.666458939356396e-020 4.986584406653902e-020 1.25460037641152e-019 6.965852218322353e-020 1.910636529083942e-019 9.516294129494323e-020 -7.309516365252439e-020 -6.946492731088327e-021 -1.537774556837934e-019
 -3.512997254761058e-020 -1.678585291584696e-019 2.932557973637286e-020 2.778429198024348e-019 -7.246915503833012e-020 -7.684405436584512e-020 -1.284360476508836e-019 -1.432587158502122e-019 -3.247922384726086e-020 -9.820432944788162e-020
 -1.047145989141075e-019 -3.746646801286889e-020 1.499388181715645e-019 -9.945366752455777e-020 7.039285652423646e-019 1.404348566518605e-019 -1.101549335970644e-019 4.994553506127294e-019 -3.596339983139089e-019 8.125733615478074e-020
 -7.013788361422243e-019 -8.096550655960506e-019 -1.060307634461744e-019 -2.97181707781724e-019 -7.291703576380112e-020 -1.056187858719872e-019 -1.733639609714199e-019 6.053123557004399e-019 -4.528499295762509e-019 -5.645966205382431e-020
 4.687289374227813e-020 3.658837489476078e-020 8.469419022104294e-020 -1.834755817707139e-020 -3.050450142989101e-020 3.028961268194684e-020 6.870580008654279e-020 4.303169232251971e-020 4.30692004378047e-020 -5.442137894645159e-020
 -1.040437688528471e-019 4.254126990691197e-020 -4.72414992197952e-020 2.4513651116912e-020 5.114978870966916e-020 1.391912906340176e-019 5.806405213937264e-020 -1.250764523494973e-019 -3.038068911031101e-020 -2.746964092840038e-019
 -9.869327785893735e-020 1.839472185171087e-019 5.649831340516305e-020 -2.260444799467604e-019 7.997469009403041e-020 2.496194510152773e-019 -3.492680755448024e-019 -3.408620089814641e-019 -5.928799750329928e-019 -2.365779646642365e-019
 -4.54517420812445e-019 -6.24667170928506e-020 3.613938408548622e-019 8.684804893975888e-019 -1.568288076033865e-019 8.282652637823384e-020 -2.474271790057097e-019 -2.016582726838297e-019 -5.090942908570353e-022 1.075724661916703e-019
 -5.168526230350523e-020 1.998519540980675e-020 -2.828405216514296e-020 1.335206600036468e-019 -6.622293749211901e-020 -1.914429871728036e-020 6.147868259811461e-020 -3.403375641536503e-021 1.343267647726075e-019 -7.829975979615856e-020
 -5.623565068800427e-020 -7.720676641197882e-020 2.258819905175511e-020 9.765177571952546e-020 1.09456318237893e-020 -1.474452305197384e-019 -7.180526389999612e-020 1.583420740740213e-019 -1.705096461929842e-019 8.270530666044488e-023


# name: DatT
# type: matrix
# rows: 1
# columns: 50
 15.72913289070129 15.58284306526184 15.79662203788757 15.7335479259491 15.74894785881042 15.5413122177124 15.66145181655884 15.75462508201599 15.79553413391113 15.5969078540802 15.71943092346191 15.52430105209351 15.79247903823853 16.26579189300537 15.66789603233337 15.79748201370239 15.59084486961365 15.83550786972046 15.74444603919983 15.9595890045166 16.03172016143799 15.93865013122559 15.43097615242004 15.80949306488037 15.64988398551941 15.66289210319519 15.60385203361511 15.60385394096375 15.56132698059082 15.47977089881897 15.92406296730042 16.19524598121643 16.25833487510681 15.83901309967041 15.60234999656677 15.66439390182495 15.65744185447693 15.73894596099854 15.57133197784424 15.79498100280762 15.8179931640625 15.7929790019989 15.88954496383667 15.83750891685486 15.83950710296631 15.99511194229126 16.01112294197083 15.71792697906494 15.91556096076965 15.90955495834351


