# Created by Octave 4.0.0, Fri Nov 18 16:16:23 2016 Hora est. Pacífico, Sudamérica <unknown@HEEC>
# name: DatK
# type: matrix
# rows: 1
# columns: 50
 2000 2000 2000 2000 2000 2000 2000 2000 2000 2000 2000 2000 2000 2000 2000 2000 2000 2000 2000 2000 2000 2000 2000 2000 2000 2000 2000 2000 2000 2000 2000 2000 2000 2000 2000 2000 2000 2000 2000 2000 2000 2000 2000 2000 2000 2000 2000 2000 2000 2000


# name: DatF
# type: matrix
# rows: 1
# columns: 50
 1.10436864909992 2.468762180177303 0.8463655430556783 1.083235432148387 2.090468214664237 0.8228812359087156 0.5755953882992599 1.359027585387779 0.3945556796222525 1.083011259375751 2.581101010806267 0.8456565808440448 1.389607697567016 2.059463384273446 0.7191664811751763 1.454521245458824 1.734698347238381 0.8595648366238432 1.611881950549994 3.538475829306547 4.942868626414807 4.122841434352993 0.8343361186999131 1.483277098848694 3.918586358478587 5.302960209590182 0.7758664644457663 2.998122529625276 0.966036477539486 0.7516899151358537 2.680822833055108 3.251376373088112 2.77170285533097 0.7060522360956369 1.403607141900472 2.845724704811533 1.436079833293172 2.948451417731255 2.588774581706294 0.8747979188132645 2.524957055841002 1.163846928290409 4.509835435938973 0.5297527051172737 0.3387210989529401 0.795974465585043 0.7591425796200103 0.6478779069455651 3.018732631682873 1.237426932636611


# name: DatP
# type: matrix
# rows: 50
# columns: 10
 0.9050545379974464 3.661241485852116 1.031686269880068 0.9530784291037503 1.532851468605563 -0.307075752695769 0.2138621837023198 -0.1797246958440518 -0.4377502785853047 1.269579192831737
 1.101540380605501 -0.004130817576853432 -0.2846754848937393 -0.3289186565502221 -0.7112525103356464 0.4488561917256776 3.741369680639698 -0.5449239124891936 1.157783362901198 -2.813563357931689
 1.003098381908474 -0.2003380648828695 -0.2207308062354326 1.035142097607843 0.9470393304797667 1.029265753337344 0.04488355089556467 3.658686052198903 -0.3112270336085537 0.8488132679149347
 0.9488525129105384 0.6981150752597832 0.8799295078516109 1.044428749898501 3.754853410674309 1.288713889049793 -0.1380905209079296 -0.4447498511411606 -0.59326149566397 0.6301926412552827
 1.215291574762556 0.8550580663548168 1.26282037435246 -0.2789243823023255 1.339602461522038 0.7172607675365539 1.077424276854078 -4.245820198237325 0.9192207750069512 1.644645506484696
 1.299352027142322 1.638962753769721 -0.4742377391645072 1.199031052397983 1.171250585008979 -0.1545351574378187 -0.2109212966813849 0.9702072742642562 1.25052550346288 0.855309329128318
 0.9661185859215846 0.9605764998242903 1.110276481881763 0.9785715928827988 1.161336762741827 1.012755511105783 -0.01357130667388874 1.10662107938756 3.661604261641292 1.088888059811675
 0.5353977492839442 0.9853281078118804 1.13241159984518 -0.3887774442281211 1.304245403488689 -0.5264399095858888 3.610276648021395 1.294248028837047 1.173905328829443 -0.9439634199917871
 1.181526711983089 1.245644308781958 1.277843819026793 0.8852765208255605 1.277530374385362 0.7780228645805281 1.048809381128265 -0.1967069086323895 1.255376917261837 0.2496878338150712
 1.005378823786336 1.034981781562305 1.47620222054736 1.329317214885191 0.9610554408065377 0.5179887220989914 -0.3080168123290334 3.588677455774798 0.6879673190933668 2.296503226529728
 1.095048067545466 1.10687826289353 1.104514156801515 0.8511023605519309 -0.346921518877879 0.8823220149655719 3.669707761600385 1.173727609510568 -4.223667292630768 2.805451082138339
 1.117414644882638 0.721357482561552 3.676447819340204 -0.3759921145476857 1.155795378923721 1.102977204342705 -0.4299949529022353 0.9464842237312409 0.7722420862539029 0.4404772387016265
 1.227604963403924 0.1458232681592624 3.672307485387207 3.712894941551774 1.078028562019757 1.272611171136053 1.027928307229508 1.13716036272961 0.911865368955351 3.020918538156785
 1.082761467135862 1.114660574391561 3.662232338084015 -0.1668213692180444 3.70166782537519 1.078195245554094 3.689022521925121 3.688333139548197 -0.3546940191552929 0.7044690564904629
 0.9582745495923956 0.9069669955732904 1.115207265781443 -0.07457757242038268 3.680763672924108 1.151692297238209 1.250751633773115 -0.2209908284025023 0.9704932894890033 1.418576125492536
 0.4551733338143443 -0.334223571331776 -0.3455626566087742 0.03077854756914553 3.635625668398581 1.113333531886388 0.8369083372891332 -0.1718616747639859 -0.0727207775837985 2.902458731313856
 3.805838746269883 0.8719759979923702 1.018783779744233 3.674493791525332 0.880205215805717 1.047498534444901 1.105583487369022 1.102427020962161 -0.1680194031747125 1.116539599815496
 1.052794729652768 3.602705969806258 0.9125184653378393 1.311861592127855 -0.3043718388935936 1.277013644846777 0.8934085988505348 -0.2182224379256989 1.208075811195404 0.3281651893282636
 0.6465109983225586 -0.6203307275172211 1.6247533470793 -0.4935074297703464 1.261948671521007 1.426136491845142 -0.2508059034607477 -0.4626000003287962 1.335884097634534 -1.071787925747514
 3.880191198610677 3.806784186553766 -0.223417468170628 0.4713351275979297 3.639117603219908 -0.2756132193995328 -0.4261139696979511 3.758159529655267 1.041263672377957 -1.407895504622902
 0.9517680907182275 3.569695367828186 0.8532148093299493 1.246163643922129 -4.189967621570786 3.301897603312005 3.622444931884434 3.714616994380736 0.5342944984873195 -2.992976119385339
 0.9328287927955549 0.9465462371522119 3.712832728398309 1.211517029877155 1.037007043452484 -4.219224209394591 0.9441042996753849 -0.3638127575491402 -4.217856056776063 1.606924331731935
 1.12505192572306 0.6962248319295625 1.012712313044708 -0.364375162301417 0.845254459274676 1.138773724439434 1.46927009004539 0.8784157066080213 3.690079606860941 0.4440500897597908
 1.01912655165312 3.663759080788932 0.9814407162897187 -0.02783941929661241 0.7630210350217201 3.676274049950821 0.9605915538663923 3.669119344407955 0.8841702618487653 1.052257878321945
 -0.3411667999456969 -0.6819740058633811 1.432862801124562 1.083953088400064 -0.6341342725113396 -0.5145089991699672 3.819217294433348 3.547066812148036 1.281258184233997 -3.033262276707693
 1.088523006386836 -0.5210213412389457 0.6609663716062049 -0.6979450653222717 -0.5761200532612014 -4.255020492196798 1.677685030265528 -4.223563041247377 2.000018690371284 1.278534293287251
 1.031428688637226 0.9212348440132739 0.6329488236058314 3.702255031934361 0.8977424887797275 -0.2692273312024103 1.076214789329784 -0.331098717301153 0.9388046770389167 0.3477734402403128
 0.9829216269262147 0.9932008375146637 -0.1575856894975712 -0.3220049160517819 -0.2611602231604975 0.9683822601380672 0.8047526821919543 0.9370894428171344 3.662146672334188 -4.933941301826695
 0.9915428256711026 -0.20323149280676 1.018932772219294 -0.1685075976201014 3.673437263611712 -0.3022882515506897 -0.3511996725510396 0.9365237036280656 -0.2580701087236789 0.8752070198129807
 0.9427620980246878 -0.1824753861752687 -0.2391882452484136 3.674452719249297 1.074605347369037 0.9108008819280478 0.9096917118850943 0.9915650392858467 -0.04721687442853758 0.7465617229690608
 0.7785811188005642 0.9096357526642158 0.3200807576550576 -0.1234620543225586 -4.253323372759041 1.239963794525188 0.04467884594004773 3.716216618820149 -0.353829766982084 1.411492250293349
 -4.209628032899279 1.157103464977872 1.050554668384516 -0.3613317129844655 1.176499069389633 3.62913207602814 1.256572192970042 0.8900509979806251 -0.4595559931341143 0.4338084670533507
 1.085555806869594 3.569616835435046 -4.228069550671458 0.8564125770502187 0.8269682229519872 1.2034430046357 0.9631753530400233 3.604974271989394 1.279853868069142 0.9001235168547145
 0.8786630258320922 -0.1156140487720801 1.1011145063938 0.8994206493397792 1.129934921320085 0.9721597242171712 1.09195061500102 3.720128118298076 -0.2029846629729024 1.472112397897608
 0.9700131710168158 1.1748587777288 1.090013257851547 3.672539501738275 1.093293838197177 -0.5928440589375673 0.3069205755667458 1.335139894795145 3.73295839564701 1.611324304669996
 0.9019085498659396 1.328547734195034 1.03107916645361 3.582286335016814 0.3650292341085232 -4.236583594679241 0.8612044909444859 -0.2638252556975496 1.74053973922351 1.027207886033321
 3.79492272148159 -0.2768887655651421 0.9225336575274858 1.123728166442045 1.124196091630998 0.9856583891111217 1.148742846766377 1.039887405888455 1.057316345889652 2.054501500498929
 0.6244880117615161 -0.4782888401490123 3.728340388286778 -4.249429106948269 1.169353749004072 -0.4420111281079925 -0.3660908076759481 -0.4116134842056905 0.8165376185025137 1.314947137493574
 -0.3150174943542621 -0.7225679445047375 -0.6445197093464595 -0.4621431223314919 -0.4311468116172038 -0.5560227482994542 1.231885903822423 0.9928520246682204 3.692273248826414 0.8011358861108954
 0.9461972254911624 0.9977513751084112 3.706202303211477 0.9584810575823963 -0.2019927413034227 1.09248346452591 -0.3806434184541787 1.153400289632766 -0.3276544801442637 0.270247447073804
 1.006283707070291 3.70382562578821 3.711920771101785 -0.3558979167806203 -0.4552471873171864 -0.1707724952950944 3.710171258639717 3.690639635924383 -0.1384497428536471 2.891635516872265
 0.9730750938052211 1.02769233927052 -0.5127267099424904 0.8798701202380436 -0.2925570717812769 0.03325698508835064 3.650870497850523 1.081524103329134 -0.1449970492243658 -0.7149261948258077
 3.855505941011163 1.048255068220615 1.285122166278968 1.157915338824313 -0.2148167695042875 3.600088226871908 1.014001751559712 3.752505357817734 1.022152511303821 -4.881396931109105
 0.9048993013611075 1.062448653211056 -0.05572312205105061 1.128477333511369 0.7511725499815838 -0.3401252992339562 -0.3316020094544235 1.110125653492356 -0.4508935842293136 0.7996556590542112
 0.984228691344452 -0.1342530897351169 0.7602847251413365 0.8969419151442645 -0.1188793703577865 1.060601611073549 -0.2351906964707675 0.899231599833176 0.9074061587507374 1.510252099808624
 1.047752713557875 1.048288758074013 0.8765598958343453 0.890088861718489 1.175473964165432 3.657744654262562 -0.3143959042228528 -0.2431706965542738 -0.1536426199166689 1.366463110529715
 0.9685322500913597 1.034052613215634 3.659964685563011 1.013854437993483 1.20018298582472 0.8868761990817644 1.165060642252962 1.14927863637003 0.7921150706797798 -0.8724621037643959
 1.02654383101312 -0.09145796980769753 0.8793659893756502 1.033932785148413 0.9357704322034913 0.9808228549206023 -0.2025030504759737 0.9926899905095747 3.654908767535988 1.09134456383115
 1.042545446151644 1.205768819189989 1.112854685157522 0.8548176234647226 -0.2515572312322506 1.019691659807251 -0.1191755081131139 1.38061032956558 3.582818475308567 -4.926366464010883
 0.7732495979107824 3.443319212660161 1.24126685278185 0.9435455870122956 1.30974608541903 1.132105586165059 1.130556024300531 1.302552160208629 1.817991631656067 0.9281219504483186


# name: DatT
# type: matrix
# rows: 1
# columns: 50
 23.25092697143555 21.26961207389832 21.06697583198547 21.19564509391785 21.30864381790161 21.34916496276855 21.63535499572754 21.31664299964905 21.05947399139404 21.3792359828949 21.19006419181824 21.03045296669006 21.08398795127869 21.25009918212891 21.18205094337463 21.25410199165344 21.90612196922302 21.1905620098114 21.38273811340332 21.42771911621094 21.33515691757202 22.96729207038879 23.21190094947815 23.12984800338745 20.9283881187439 21.0354540348053 20.95990705490112 20.90236806869507 21.29963207244873 21.12051391601562 21.20456910133362 21.24259614944458 20.81931495666504 21.20306992530823 20.99092817306519 21.16304016113281 20.90437197685242 20.91387605667114 20.84032702445984 20.91487789154053 20.89886593818665 21.0254499912262 21.24810099601746 21.11550998687744 21.01694488525391 20.76327800750732 21.1050009727478 20.94639706611633 21.41421008110046 20.87185001373291


