# Created by Octave 4.0.0, Sat Nov 19 00:20:25 2016 Hora est. Pacífico, Sudamérica <unknown@HEEC>
# name: DatK
# type: matrix
# rows: 1
# columns: 50
 2000 2000 2000 2000 2000 2000 2000 2000 2000 2000 2000 2000 2000 2000 2000 2000 2000 2000 2000 2000 2000 2000 2000 2000 2000 2000 2000 2000 2000 2000 2000 2000 2000 2000 2000 2000 2000 2000 2000 2000 2000 2000 2000 2000 2000 2000 2000 2000 2000 2000


# name: DatF
# type: matrix
# rows: 1
# columns: 50
 3.108624468950438e-015 3.108624468950438e-015 3.108624468950438e-015 3.108624468950438e-015 3.108624468950438e-015 3.108624468950438e-015 3.108624468950438e-015 3.108624468950438e-015 3.108624468950438e-015 3.108624468950438e-015 3.108624468950438e-015 3.108624468950438e-015 3.108624468950438e-015 3.108624468950438e-015 3.108624468950438e-015 3.108624468950438e-015 3.108624468950438e-015 3.108624468950438e-015 3.108624468950438e-015 3.108624468950438e-015 3.108624468950438e-015 3.108624468950438e-015 3.108624468950438e-015 3.108624468950438e-015 3.108624468950438e-015 3.108624468950438e-015 3.108624468950438e-015 3.108624468950438e-015 3.108624468950438e-015 3.108624468950438e-015 3.108624468950438e-015 3.108624468950438e-015 3.108624468950438e-015 3.108624468950438e-015 3.108624468950438e-015 3.108624468950438e-015 3.108624468950438e-015 3.108624468950438e-015 3.108624468950438e-015 3.108624468950438e-015 3.108624468950438e-015 3.108624468950438e-015 3.108624468950438e-015 3.108624468950438e-015 3.108624468950438e-015 3.108624468950438e-015 3.108624468950438e-015 3.108624468950438e-015 3.108624468950438e-015 3.108624468950438e-015


# name: DatP
# type: matrix
# rows: 50
# columns: 10
 -1.13650842009871e-015 -1.599581269596463e-015 1.514394341976895e-015 -1.697702625459386e-015 1.485964905773892e-015 -1.180066311011954e-015 3.685348480910454e-016 1.890092364145648e-016 8.598989356892217e-017 1.191234864850823e-015
 -2.213276531285925e-017 -3.792423569642358e-016 1.631684132672016e-015 -6.006477363668082e-016 1.108626877581608e-015 1.690493016038341e-016 -3.091895250003127e-017 1.244980448696512e-015 -2.257646306500695e-015 -5.763598642805058e-016
 -1.431471820665338e-015 2.99365750922577e-015 -1.006910884239544e-015 4.502923012641808e-016 -1.208371727862832e-015 9.018228355530254e-016 8.689184105489916e-016 5.295084657671389e-016 2.66664330895062e-016 -6.873797245193628e-016
 8.935790939859556e-016 -3.323713324270502e-016 9.365635070167526e-016 -1.29115998223747e-015 6.886222808702291e-016 -1.966313910189473e-015 -1.356780096885283e-015 1.606135965131608e-015 2.082602129164094e-015 1.044032982221985e-015
 -1.087246356443722e-015 7.919223425728904e-016 1.752348685665618e-015 2.490199187673619e-017 1.552786335355476e-015 -7.72929138582793e-016 -2.051435254449903e-017 2.854544832153335e-016 -2.441028223215971e-015 2.581059484911536e-016
 1.10756216275465e-015 -1.503775012583532e-015 -1.487086372988601e-015 -5.691927498274053e-016 9.017653564035649e-016 -8.489705176607291e-016 5.074015451245131e-017 -9.242005805441004e-016 -1.516432955068179e-015 2.493764627605491e-015
 -3.099780811409314e-016 1.502699796732604e-015 1.344959227249467e-015 -1.66433120437625e-015 5.796411481899063e-016 -8.75860381965158e-016 -1.051386852894756e-015 1.77959677422351e-015 5.139916653489216e-016 5.68705284605439e-016
 6.008447342855046e-016 -1.93081240906614e-016 -2.007909672854373e-015 -8.556464191829588e-016 5.161596732508243e-016 3.641424203762641e-016 1.583070681961146e-015 -1.743337918439686e-015 7.340538772540289e-016 1.109114757119547e-015
 -9.490423313959218e-016 1.165440890099085e-015 -1.650156628796064e-015 -1.823742460662111e-016 -1.381870132137884e-015 -2.959830423276932e-016 -2.574527972312065e-016 -9.262682436495698e-016 1.991743499288425e-015 -2.221780420270584e-015
 -7.29018075380815e-017 1.542177148698342e-015 9.587215052353926e-016 -6.606298818618869e-016 1.004821641079834e-015 -7.113173576523047e-016 8.643023107744246e-016 -2.402699951559786e-015 -1.454820678458136e-015 1.425107318628778e-015
 -5.09042492392635e-016 4.462137111521709e-016 -2.823557159029205e-015 -9.196427314345487e-016 -2.031974179556623e-016 2.208568135844154e-015 6.300780100165677e-016 7.698315424796618e-016 1.061466671101662e-016 -1.540543378153805e-015
 1.07789468525764e-015 1.232780823527732e-015 1.486986093193811e-016 -1.314779114873988e-016 -8.801067881672962e-016 -1.447026000988712e-015 4.147833382345281e-016 -1.455794491740337e-015 -1.226777458585458e-016 -2.348379918222927e-015
 -1.580321771375324e-015 8.237257986952992e-017 -1.114625956866764e-015 5.637776090368556e-016 -1.231679429116407e-015 -8.267582533308295e-016 1.889229442678199e-016 -2.776835105171655e-016 6.076831665471893e-016 -2.06113131534122e-015
 -1.087303163657378e-015 -2.132516614308691e-015 -6.472808497887865e-016 -4.8383722561698e-016 -1.330260741024651e-015 -1.182899459839595e-015 2.353080781540823e-016 1.639917876358999e-015 9.276779167907439e-016 8.512875785261535e-016
 -8.788387975514456e-016 -2.382822246214626e-015 1.734222657433217e-016 -2.077354225448453e-015 2.419105030814441e-016 -5.205357754925761e-016 -1.73964441728049e-015 -2.050765863261632e-015 4.998560600203334e-016 3.040117538459286e-016
 -6.438105628325064e-016 8.972429379464022e-016 2.132058150550274e-015 -1.262707614902347e-015 1.521366681973394e-015 -6.576397744262053e-017 9.362610830195613e-016 1.971537989017581e-015 4.818839284673897e-017 3.651673756061805e-016
 -1.984776473732116e-015 -2.024145299495756e-015 -1.336266749821187e-015 1.270432983995105e-015 4.00426817768608e-016 3.27972672752445e-016 -1.327660955718464e-015 8.507551875108688e-016 -5.086451815414334e-016 -1.805056557630651e-016
 2.153510533553855e-016 9.379605051689405e-016 2.030542754263173e-015 2.391459052254923e-015 4.694709985193077e-016 9.658529797021324e-016 -4.523741481874061e-017 -1.054931726862565e-015 1.670360734036265e-015 4.573203868303686e-016
 8.083397726718033e-016 2.638012588368673e-015 -9.893968433754996e-016 1.087409659564239e-015 3.734558168225629e-016 -6.236825933730729e-016 5.91502206088592e-016 -1.445679492345378e-015 -7.137964130128974e-016 -9.779862448101539e-016
 -6.319222682906745e-016 -5.592195371051723e-016 1.372432781487266e-015 7.49674487379794e-016 -8.619538277317932e-016 -1.318006584608618e-015 -2.119298187262942e-016 1.414529407441283e-015 -1.270213569758195e-016 3.72017505294819e-016
 -6.415373812261691e-016 -1.690364038711019e-016 4.206516767157629e-016 1.592929657263094e-016 6.872659659250441e-016 1.317740246690865e-015 -1.976278609711297e-015 -7.040598649326043e-016 -2.666640634484386e-015 -3.585798362687876e-016
 -3.668665361205922e-016 2.773365577955717e-015 -5.23109937353258e-016 -9.677353087436436e-016 1.653113437636966e-016 1.612312083705118e-015 -5.053845328930642e-016 -2.318053269480052e-015 -7.25117602263112e-016 -5.730955612184665e-016
 1.060774780451038e-015 -9.680973334762913e-016 2.662694194766006e-017 -1.037536224339767e-015 9.754997630524111e-016 2.013703745585639e-015 1.254165422172623e-015 6.050136685893785e-016 1.554415537839938e-015 1.189439092544965e-015
 -8.027975244888203e-016 8.032417760483789e-016 -2.114700303419624e-016 1.484304773742208e-015 3.663245123479849e-016 -3.901682585789241e-016 3.670270419682582e-016 2.271800540099373e-015 -1.825780880907581e-015 -8.437337888072536e-016
 8.384448772176144e-016 2.037827914621706e-016 9.873778639973054e-017 1.661256697826767e-015 3.885621804149146e-016 -7.06712150876274e-016 1.06519475337084e-015 -1.609522066307909e-015 2.999463211805468e-015 1.407264600943747e-015
 -3.699109138911442e-016 -1.305140075327186e-015 -1.157590104992625e-015 -1.904267760819003e-016 7.867238276271222e-016 -2.355511798072139e-015 -6.863102635575555e-016 -1.161343075623303e-015 1.487763999794095e-015 -6.502972624302257e-018
 3.698580851620791e-016 1.5551241257191e-015 1.183351917219171e-015 1.327311398152696e-015 1.206315242546851e-015 -1.973388967239505e-015 2.324144939027463e-015 -7.650197783747901e-016 3.75164157153541e-016 -5.09433340858247e-016
 8.76219156601541e-016 6.215519333980625e-016 -7.073046131152192e-016 -3.833950919714028e-016 -8.20996702020008e-017 1.719893391926504e-015 -1.095061637007513e-015 1.352586873640413e-016 -2.923814084403675e-016 -3.002370101951333e-016
 9.564144649111576e-016 -6.921699731803922e-016 -6.780662252316846e-016 7.998576510465183e-016 -1.935423062078918e-016 -2.118961582499954e-016 1.055442827290152e-015 2.60023467859899e-015 -1.046456202784514e-015 1.992705602813969e-015
 5.910116425969515e-016 2.110931638130221e-015 -1.089673368233413e-015 1.521573877322747e-015 -4.529169062154609e-016 1.171996581656489e-015 -9.410519775173151e-016 1.061947834538625e-015 -7.491320174592505e-016 -1.579511666382013e-015
 -3.929426367152852e-017 1.385955935892878e-015 -2.888410965805298e-016 -2.445042749289439e-015 -3.027311649234701e-016 2.092985747781808e-016 -9.347560773025277e-016 1.911984159229359e-015 -7.896869821179931e-016 -1.87817860098163e-015
 -2.521062172521422e-015 2.033563186758754e-016 -7.0293379003526e-016 -1.029382484803917e-015 -1.271634081421782e-016 -1.142488949593257e-015 1.317332741256638e-015 1.258284436509812e-016 -1.333442176692109e-015 -9.15430308595704e-016
 -8.355172374511863e-016 -1.512190918562641e-015 1.754013704226344e-016 5.918693318290199e-016 3.365434271892667e-016 -1.832440997299095e-015 -2.452670047301363e-015 1.082328319318499e-015 3.133869513639146e-017 -9.483069839343804e-016
 9.044517051068007e-016 -3.544071394544661e-016 -1.199449081041204e-015 1.663393267152467e-015 8.217940840295997e-017 5.275686540666027e-016 -5.499693237037953e-016 -6.184636045942844e-016 -8.303985125137466e-016 -1.732222020345594e-015
 1.175788743483199e-015 6.339955627427998e-016 4.767809364046522e-016 -1.319274878020728e-015 -9.952175367393692e-016 -1.114990261349992e-015 -1.829317750291469e-016 1.4832938413726e-015 1.51883451807253e-016 -6.55842055474932e-016
 -1.538703295163136e-015 -3.8312789400188e-016 -2.020576740176595e-016 -5.778285528629111e-016 5.80969629720484e-016 -2.938614418935329e-017 7.399936229309e-016 1.072413240899933e-015 1.292628139956297e-015 6.258397899067991e-016
 7.232091605746399e-016 -6.139799970831665e-017 4.455277698387207e-016 -9.103870519097817e-016 -5.302307461591795e-016 1.294081605045088e-015 -7.468546549842994e-016 2.795310348173075e-015 -1.631864125791615e-015 2.008900738231639e-015
 3.955421691556062e-017 -1.476127750995922e-016 -8.499040080576076e-016 2.028277508590854e-015 -3.050131211202541e-015 -1.030740444832064e-015 4.08900402555658e-016 -4.210645941882966e-016 -1.207041720088922e-015 5.20864729772039e-016
 -1.789873293914446e-016 1.38105161781017e-015 1.893055990692016e-015 -3.347600659212034e-016 8.760050349286952e-016 6.293413513675111e-016 -1.796324306213884e-017 1.064739468003387e-015 2.383835012813056e-016 8.895608144299504e-016
 2.339426515591087e-015 5.554467021903139e-016 -2.226971596699227e-015 -1.031951691606289e-015 6.651345257834122e-017 1.759367629894475e-016 8.730023148922435e-017 1.076205238876748e-015 -5.171938254978885e-016 -8.688682916103694e-016
 1.112585089769745e-015 -6.856608567168634e-016 1.993006074661825e-016 4.497530014543985e-016 -1.273852718063363e-015 5.757596311936567e-016 1.151145929332968e-015 5.005072498231772e-016 -8.074015489158087e-016 7.029716708124449e-016
 2.000941740381827e-015 2.144719774346338e-017 -1.335254626252862e-015 3.888778819415914e-016 7.893860092854998e-016 2.362716312693643e-016 1.226468726392316e-015 7.138525258127607e-016 6.470165738486904e-016 1.211928270733117e-015
 -3.768581938332536e-016 1.507994842311132e-015 -8.708433787015727e-016 6.590800815675083e-016 4.422376716881583e-016 -7.478552770813171e-018 2.983166868559315e-016 1.57093013941241e-015 -6.748891828939875e-016 2.287185758144164e-015
 -9.026516196867799e-016 -1.259223064721324e-015 -2.097927770697739e-015 4.864374049450745e-016 -2.879800862111468e-018 1.589097799823742e-015 -8.832054474281326e-016 1.36966637077462e-015 -5.422498112545647e-016 -2.572979930474187e-015
 -1.290697670710965e-015 -1.491685920342144e-015 2.173015234872202e-016 -9.788424650678508e-016 -4.458364886715663e-016 1.935429031341703e-016 1.484587955156969e-015 2.810061985308447e-015 -1.411788704673019e-015 3.135195305316183e-016
 -8.291310113274885e-016 7.466311921051525e-016 2.597129852020511e-015 1.227090815093424e-015 -3.470920668330478e-016 -5.914484265253903e-016 -6.13659070111072e-016 1.698230163284269e-016 -2.248482702809925e-015 -7.31863265928441e-016
 7.499840395430875e-016 7.368335284572747e-016 -1.734423992184958e-015 2.061245628035427e-015 -4.768380488968998e-016 -1.958509021664395e-016 -2.242491967840432e-015 2.613343374240791e-016 -1.764225588463469e-015 2.788655167794197e-016
 -6.253869326761485e-016 -1.483858989709939e-016 -2.426114194182578e-015 -8.50166258202428e-016 8.456399311756677e-016 2.286588942628327e-015 -1.555345508290254e-015 4.977504460855953e-016 -3.348095053768703e-017 -4.202841869131235e-016
 -2.452808419487816e-015 1.106576530553198e-016 -1.777698920227786e-015 -2.368929551841856e-016 3.087260971500886e-016 -1.183381507280737e-015 1.911635182912147e-015 -6.772365899808431e-016 7.835690197328282e-016 9.357844625194917e-016
 5.413993126082645e-016 -2.978861045316187e-016 1.237370523957549e-015 -5.596737888018301e-016 -8.750751623898337e-016 -1.116418749053254e-015 2.628417952332139e-016 -3.367867240869906e-016 -7.101812886017118e-016 -2.428764201960753e-016


# name: DatT
# type: matrix
# rows: 1
# columns: 50
 23.24842500686646 23.61767196655273 23.50859785079956 23.22441005706787 22.78211498260498 23.05579900741577 23.19788908958435 23.17037296295166 23.0292820930481 23.20589709281921 23.42954587936401 23.3494918346405 23.3775110244751 23.21890711784363 23.29045510292053 23.64218497276306 23.30346298217773 23.42354011535645 23.273442029953 22.92921614646912 23.28945302963257 23.07531094551086 23.29395604133606 23.37000393867493 23.53661680221558 23.32197403907776 23.01877307891846 23.09132099151611 23.32197499275208 23.39802503585815 23.08231401443481 23.14835906028748 22.98124694824219 23.1588659286499 22.96173501014709 23.02577710151672 23.0552978515625 23.30596208572388 23.310467004776 23.41553688049316 23.10683012008667 23.18388485908508 23.26643586158752 23.41853904724121 23.20689797401428 22.90669798851013 23.24692392349243 22.88018012046814 23.33948588371277 23.49458813667297


