# Created by Octave 4.2.2, Thu Mar 21 21:21:56 2019 GMT <unknown@HEEC>
# name: DatK
# type: matrix
# rows: 1
# columns: 50
 2000 2000 2000 2000 2000 2000 2000 2000 2000 2000 2000 2000 2000 2000 2000 2000 2000 2000 2000 2000 2000 2000 2000 2000 2000 2000 2000 2000 2000 2000 2000 2000 2000 2000 2000 2000 2000 2000 2000 2000 2000 2000 2000 2000 2000 2000 2000 2000 2000 2000


# name: DatF
# type: matrix
# rows: 1
# columns: 50
 0.4223450399025567 0.00985728460782076 0.2035958738185993 0.03472119788699024 0.1032351535294874 0.04183147437728041 0.1279400846867349 0.1995640741107435 0.2634262225978256 0.1082951321761503 0.1858423167680846 0.07388669576585905 0.2747647839529861 0.1958180503185837 0.4023193673926378 0.3333814959540584 0.02710569282478104 0.1404979133687015 0.1325051657471109 0.03693103597976399 0.3596266280480341 0.1831615066893292 0.0737590778836873 0.1244731212752859 0.05908224019206809 0.3822974584843019 0.06219961655016271 0.06637770218114181 0.4257730719798577 0.09347112760960641 0.1203833120431286 0.128799597781036 0.4784599358742869 0.08362605296323444 0.4000026528521808 0.3603498515593115 0.08614143300780852 0.2028117799697108 0.2833319457796741 0.07909034341500409 0.1686002952653115 0.1531154640413211 0.1222859156496544 0.2237774789926062 0.09852138445329128 0.07390137946553932 0.1680561348176375 0.05479366748962489 0.07874286960805099 0.04427803431847965


# name: DatP
# type: matrix
# rows: 50
# columns: 10
 -2.951257251185004 -4.131575238321293 0.4154362723829907 12.20976137562918 6.420593405892943 -6.146659404014901 0.6432024450509647 -0.06296485902840709 9.121901184713415 9.694549770622043
 3.140022625187915 -5.113157890670961e-009 -5.433248175208956 9.355322067775034e-009 -6.78717982356275e-009 1.126637670128808e-009 -8.407880416725263e-009 2.876767644671371e-009 -2.538878339266488e-008 2.743864292207472e-008
 -2.971300190522586 -9.038344291082995 -15.7033220118734 6.248710303659711e-009 -7.00572311546962 1.288188978719825e-008 1.350415435985e-009 -3.925125962464777e-009 2.335737136372168e-008 9.880739276424986
 3.140021985324095 -4.405980909007337 -1.262258628477382e-008 -6.270638901144027 -7.613464844749602e-009 1.01407388277795e-008 8.282871763236408 7.751434311584597e-009 -3.041616745810417e-008 1.856003167123978e-008
 -1.504048715008778e-009 -6.978265422769554e-009 -3.655159483198201e-009 -6.270639237445599 7.007289942021805 7.672273762747625 -7.288010723519177e-009 -8.850352365153089 -9.382542682987271 9.885147080237942
 -6.280044939394176 -7.281412590829527e-009 -5.816190058366413e-009 -1.864605579062346e-008 -7.007294856057523 -1.770061136648677e-009 9.374861913433615e-009 -8.850362243684904 -2.814043692238545e-009 4.862292241157881e-009
 5.958844112213722 0.1690541774793624 -5.795024961788453 0.3050718347550863 0.2716534857828474 7.669849333924785 1.208616253395322e-009 -3.021739832100749e-010 1.601759233838514e-008 -3.278704014244425e-009
 3.139833718255371 -4.0742961450868 -0.05269584210785361 -6.269137664973798 -14.27427064425867 -6.654925062463605e-009 1.306703703316916e-008 2.060755483268443e-008 -1.13718015563091 9.879250366197015
 0.4705944332262668 13.30178776814213 -1.139221233570562e-008 -1.104835393903065e-008 -0.5547281934492339 -1.497395553055092e-008 7.984644305554833 2.749117458490865e-008 -9.374592879805649 9.310950702916886
 6.280044453081286 -8.876886717666533 -9.170593029174833e-009 -12.54128260479339 4.304079783321332e-009 7.672276624906379 -6.427665719661513e-009 -7.84246619164783e-009 7.162830737756527e-009 9.885153192307627
 -3.130007875725727 0.3775183205259425 -5.583450656363405 6.268481558519988 0.3143168967851414 8.515753710159021 3.064710165030971e-009 0.9112997914929306 -1.023561336992773e-008 7.695344915450921e-009
 -3.140022429407331 -13.31533207450719 -5.433247187951512 -2.630040904062237e-010 -1.920824491590351e-009 5.873345169363269e-009 1.109585866279893e-008 8.850361499712646 -2.599701378632318e-009 1.955759225475527e-008
 3.139816264322416 -0.0981104789897369 4.796699482268993 6.268998479831314 7.193990938792599 15.3385380004076 16.55818320454589 0.8572851363133633 -0.05103088184026383 -2.679538936857522e-009
 -0.08458797648939953 1.661768488085815e-007 -5.432365278662116 -12.53857070892406 -4.912322567946225e-007 6.997710927716233 8.044586696500499 -2.197039643331765e-006 0.8767958761477179 -9.490400397942608
 5.697047403382436 -0.02366772654415183 -0.3274943637561494 -11.96585209391916 -7.000223009653798 -7.507174193441807 0.3070092428763704 -9.831456513433327 -8.817848090402535 -0.3564246194648139
 -3.139480478784701 4.586490872117672 5.430437789637787 -1.145684577679017 0.620681208239855 8.526725744201759 7.607669286331833e-009 -1.612761089596521e-008 -9.133039420619035 9.384837648844085
 -6.280045183543633 1.03566386951695e-008 5.433247996280247 -6.270643733715345 -2.330070276975775e-008 4.293468888821122e-009 2.337055399034397e-008 -7.957781448700155e-009 -1.982703120026755e-008 2.765394613963779e-008
 -5.95401281066094 -4.472820983882235 5.43277235613733 6.269912207708968 -7.100977272406864 -1.313936046196299e-009 8.281194754537207 0.09935669023706184 -3.958094285982025e-011 9.88229142357582
 12.41653694605317 4.300127896071276 0.3154403515297569 6.27210478216121 7.006424048802731 -1.715921726558941e-008 -0.4656068309786701 -8.848605428670202 5.890531672798063e-009 -2.577975312826131e-008
 -6.280045039633266 2.290444635917475e-009 -1.012783577597392e-008 2.564662553905083e-009 7.007295448567486 -7.672280978162521 -1.893414118808794e-008 -6.35770144088619e-009 -1.151111025237995e-009 1.355383680473216e-008
 6.182414245037096 3.964740520876284 1.066881825702374 12.97829237744774 -7.001326788083152 1.048164647034512e-009 -8.273018351200125 -8.838327468691476 -1.066891062463043e-008 0.346888290169904
 -0.2745088753628417 -0.3350829266279605 5.431634145365325 6.268161842036341 -0.5938257314230067 0.6943949710369598 0.6320260564439057 1.862663870948574e-008 -0.4070901533957847 -9.448492580663523e-009
 -3.140022232419646 -4.438443345954467 5.433246137506215 7.799220635340064e-009 -1.963669505855963e-008 -7.672276795677144 -2.086203339221497e-009 -8.850357026995125 -1.417514167616923e-008 -9.885153584500191
 -3.139938614979042 -4.438207094396437 -5.432812579768981 -9.997864602478592e-009 -1.864674616929752e-008 -7.671054334459814 0.8448299757788855 -8.848478885852849 -2.148880156597446e-008 -9.882534391953543
 3.140022434107156 4.80435954338965e-009 -5.433247179608943 8.402248577374941e-009 14.0145911169062 -1.885527272460088e-008 3.150392887635815e-009 1.296582469741901e-008 8.978907535893042e-009 1.310812765369446e-008
 2.94091435350823 9.270071802509478e-009 5.429931266296902 -8.810579602232749e-010 6.79677722611418 1.1118908359385 9.412874794286369 8.836011035633017 -10.8678231752746 8.409882203794429e-009
 6.279979857087011 5.256964578001046e-009 3.093753003580427e-009 -1.768483489064936e-008 7.006932517729764 0.4945117448641234 -1.149584761337137e-008 -8.849631190285315 2.305470724060849e-008 5.328883041994084e-010
 -7.995766596068565e-009 5.906812761009487e-009 1.924152268701646e-009 -6.270641165813233 1.862470333771555e-008 7.67227727648502 -5.363097653584875e-009 -8.850357748613916 9.382549083400646 1.060185858227413e-008
 -5.320321014546728e-009 -5.417515141766808 0.6277896756558512 -5.3400441653408 1.80539177780972e-008 -7.480037251635374 8.26521913209069 0.3163071884606694 -0.6803266837401032 1.182266650252612e-008
 6.280044380001594 4.438443221213404 -5.433245924518594 -4.440508931085013e-009 7.007291814897837 -1.635931233058743e-008 8.282875580892975 -8.850356064198253 9.382547074235756 1.151929875764944e-008
 9.548186127216631 1.288196593448022e-008 -5.432689299178762 -6.080964187974964 -1.069460996775784e-008 -0.4872812053170169 1.576580398240266e-008 8.154979635132362 3.062939198041687e-009 -1.669318850360568e-008
 -12.57785948137571 4.438244614717952 -1.606207697623731e-008 6.270079980742155 6.18961860520653e-009 7.496802444290368 -8.281581900685408 0.8010372618503867 2.320035082709927e-009 -3.386980320818444e-009
 -3.304520104999915 4.435453831581028 -6.347320750192685 7.598508672593675 0.1104303813315104 8.08068566069819 -2.449655000885253e-010 -1.151369032050152e-008 10.33284849753638 1.12639213716569
 -4.220961740386762e-009 1.161549912829065e-008 5.433246129206105 6.270640858090869 7.007292218710762 7.672276745481734 8.282876304242379 1.866228597456649e-008 9.382548114321704 -1.59774786287391e-008
 6.27855657234528 -4.436341743547953 -5.635308455981482 -0.6822553235064825 5.974136226311944 -6.732536783439083 2.3738927870709e-008 -8.223347352573388 1.715353068926279e-008 -8.537527933310445
 3.139360770671684 4.095288591515724 6.144401106315431 1.616083153665764e-008 7.332334972833291 -9.824554718281637e-010 1.696134301595842e-008 1.257330509641308e-008 -7.885777498828094 8.616952958426319
 -1.098428958064764e-009 8.876887179496189 10.86649339235034 1.78700416949297e-008 -7.007293061203233 -1.563640694431283e-008 -6.325687704724731e-009 -1.835530972128625e-008 -1.246490971086042e-008 -9.885155794324639
 -1.696792665006896e-009 -8.875638995202209 0.8612605340318868 -6.268880034142989 7.004834066507932 7.567714109342983 5.235388412712074e-009 1.685510942337714e-008 9.581525252546866 2.204351891074111e-009
 -6.49547097841149 8.890376580398911 1.137638035764123e-008 -6.547100174107744 -7.003913132191291 7.667839804500293 -7.324140347498303 7.810977787847348 4.557666516842436e-009 -9.875650064290207
 3.139972264366207 0.2989978205782734 -1.49355824911195e-008 -6.270242410751516 -8.760545378106523e-010 -8.022981062064412 5.213856519994516e-009 -8.849234599058763 -1.084548416278187e-008 -2.712778520591356e-008
 6.227032751624917 9.279352147891284 -6.280612705600557e-009 -6.269167781418369 -0.67440439179616 7.573544604317905e-009 1.615004068350039e-008 0.5968806268515934 9.338892311372842 -0.1822499431031388
 -12.8331579168096 -8.876542305430288 -5.432930042048034 6.311827402639733 7.168939020779888 1.278689300003832e-008 3.350305251823549e-009 2.421425073769001e-009 5.424521847610243e-010 -9.883243906391478
 4.383381028252058e-009 -9.139656155699996 3.321765925850903e-009 -4.269438407064643e-011 -9.924840534337483e-009 -1.674640237935728e-008 -4.903410732082856e-009 1.748692682097608e-008 2.270116502964441e-008 1.323251587596462
 -3.240706696502717 -4.437710932316697 0.5873960598787978 6.268573880157488 -0.1511974040012309 7.668487834784712 -6.447638113807836e-009 -10.04867308989592 -6.162004973048398e-009 -9.877037550866371
 -9.42006713790742 -13.31533156043522 -9.301797261668534e-009 6.27064200634597 -1.385861411495143e-008 -8.276470040963296e-009 1.6144502903856e-008 8.135042239214485e-009 9.382551927395573 -2.438255475037829e-008
 -3.140022452684171 13.31533227179409 -1.202420518930925e-008 -1.398902213395701e-008 7.007294738501764 7.672280054826598 -8.397843820534382e-009 2.768769390434504e-008 -1.642079347519499e-008 -1.638207287984959e-009
 0.126230260808839 4.437835484296469 5.924034600698961e-009 5.800062856713796 1.392903348703197e-008 -7.669131962076875 -0.5271824269623728 -2.113768049929775e-008 3.025934567765918e-009 8.755206558589908
 -6.280043445321262 4.438441888632866 1.677925490287585e-008 -6.27063679799137 7.007286550386463 0.07917570634869064 -8.32161428565618 -1.163878424889499e-008 -2.874710633055043e-008 2.489837697297261e-008
 -1.874815488049841e-009 -8.876887200320589 5.251416295883622e-009 6.270641511439989 -7.0072931358303 7.672277908231572 2.436213360151683e-008 1.261313053295112e-008 -9.38255025814207 1.634486559875543e-008
 -6.280044873428046 -5.221775048902974e-009 -6.202117632117007e-009 8.825247773000889e-009 -7.007294494594308 1.129928277181998e-008 1.079507613783853e-008 2.092345501868014e-008 -9.382553552173654 1.378625800204929e-008


# name: DatT
# type: matrix
# rows: 1
# columns: 50
 28.15466993616428 26.65767706045881 25.71605200564954 24.24507706915028 23.38850893510971 23.42953601886984 23.07530091388617 23.18937710067257 24.13400303036906 23.34047698683571 24.25908694998361 24.44320798304398 24.66035188338719 23.54561301053036 23.69671295932494 24.123997107381 24.62432801467367 24.43520311592147 23.78176903969143 24.33113304793369 24.82346111198422 24.5092528895475 22.61699805571698 23.49658009770792 22.97623509180266 23.78176989336498 23.51459290168714 22.69805096858181 23.28043699194677 23.06929699843749 23.67169692239258 25.5849660927197 25.29177098174114 24.4912411182886 24.16902692697477 25.77309007453732 24.67536302213557 23.4235320299631 21.76643409254029 22.4789060902549 21.73441288853064 22.57196705159731 22.24375099840108 22.31379690219183 21.60932909639087 21.66336594440509 23.38750793680083 22.87416909297463 22.08664593461435 22.59298204584047


