# Created by Octave 4.0.0, Fri Nov 18 17:05:14 2016 Hora est. Pacífico, Sudamérica <unknown@HEEC>
# name: DatK
# type: matrix
# rows: 1
# columns: 50
 2000 2000 2000 2000 2000 2000 2000 2000 2000 2000 2000 2000 2000 2000 2000 2000 2000 2000 2000 2000 2000 2000 2000 2000 2000 2000 2000 2000 2000 2000 2000 2000 2000 2000 2000 2000 2000 2000 2000 2000 2000 2000 2000 2000 2000 2000 2000 2000 2000 2000


# name: DatF
# type: matrix
# rows: 1
# columns: 50
 2.007897522820357e-029 3.986579112347136 3.986579112347136 4.779017971442042e-028 3.986579112347137 2.530271353496395e-028 0 5.240255081963452e-028 1.332572190788115e-026 4.716414463041768e-027 9.937675253521696e-028 1.265012417231757e-028 4.248755531713793e-029 1.133987551255204e-029 1.947500359764373e-027 3.31802292306944e-028 9.486052385282667e-029 3.87890302668158e-027 3.833370961308354e-029 3.327945314142923e-027 5.660816552059404e-028 6.953069322424574e-029 5.704404119100913e-019 3.986579112347137 1.424025698347002e-025 2.743997192028891e-026 1.865520455379608e-027 4.071261828039066e-029 3.230593468943795e-025 1.224901305391597e-025 4.215475462274782e-029 1.071396368806575e-027 1.204445279302601e-025 1.228219451574183e-027 5.989574334310261e-027 2.821844204827397e-026 1.044562772077416e-027 1.162650319208344e-026 9.098894244142167e-028 2.026386450286474e-029 1.246745356895233e-027 2.627399852451732e-028 1.936739803979093e-027 6.781985113604767e-028 1.30802998846959e-027 5.478515727243486e-028 4.113170063628932e-029 4.092708983899762e-028 2.066896649447035e-022 6.331767403853163e-027


# name: DatP
# type: matrix
# rows: 50
# columns: 10
 -0.9999999999999999 -1 -1 -1 -1 -1 -1 -1 -1 -1.000000000000001
 0.9932633727273711 -0.9966060396278805 -0.9982406113961844 -0.9989884341120328 -0.9992261533060315 -0.9990736484632331 -0.9984541776421839 -0.9970562521480271 -0.994179376637194 -0.9883926324256308
 0.9932633731715185 -0.9966060391509066 -0.998240610797074 -0.9989884336771264 -0.9992261537213116 -0.9990736478292238 -0.9984541768920774 -0.9970562509047241 -0.9941793739399039 -0.9883926275867686
 -0.9999999999999998 -0.9999999999999994 -0.9999999999999997 -0.9999999999999994 -0.9999999999999991 -0.9999999999999984 -0.9999999999999978 -0.999999999999995 -0.9999999999999909 -0.9999999999999808
 0.9932633733709803 -0.9966060398601957 -0.9982406115088915 -0.9989884341084405 -0.9992261536627102 -0.9990736485288126 -0.9984541767131641 -0.9970562492918807 -0.9941793701783745 -0.988392619473357
 -1 -1 -0.9999999999999997 -0.9999999999999997 -0.9999999999999994 -0.9999999999999994 -0.9999999999999996 -0.9999999999999989 -0.999999999999998 -0.9999999999999967
 -1 -1 -1 -1 -1 -1 -1 -1 -1 -1
 -0.9999999999999993 -0.9999999999999997 -0.9999999999999996 -0.9999999999999993 -0.9999999999999999 -1 -1.000000000000001 -1.000000000000003 -1.000000000000007 -1.000000000000014
 -1.000000000000001 -0.9999999999999986 -0.9999999999999978 -1.000000000000001 -1 -0.9999999999999967 -0.9999999999999977 -0.999999999999991 -0.9999999999999767 -0.999999999999951
 -0.9999999999999992 -1 -0.9999999999999984 -0.9999999999999987 -1 -1.000000000000002 -1.000000000000004 -1.00000000000001 -1.000000000000022 -1.000000000000044
 -1 -1.000000000000001 -1.000000000000001 -1.000000000000001 -1.000000000000001 -1.000000000000001 -1.000000000000002 -1.000000000000003 -1.000000000000005 -1.000000000000012
 -1 -1 -1 -1 -0.9999999999999997 -0.9999999999999994 -0.9999999999999983 -0.9999999999999969 -0.999999999999994 -0.9999999999999878
 -0.9999999999999999 -0.9999999999999998 -1 -1 -0.9999999999999999 -0.9999999999999999 -1 -1 -1.000000000000001 -1.000000000000002
 -1 -1 -1 -1 -1 -1 -1 -1 -1.000000000000001 -1.000000000000002
 -0.9999999999999988 -0.9999999999999998 -1.000000000000001 -1 -1 -0.9999999999999994 -0.9999999999999997 -0.9999999999999971 -0.9999999999999952 -0.9999999999999895
 -1 -0.9999999999999998 -0.9999999999999999 -0.9999999999999999 -0.9999999999999996 -0.9999999999999999 -0.9999999999999996 -0.9999999999999982 -0.9999999999999964 -0.9999999999999917
 -0.9999999999999999 -1 -0.9999999999999999 -0.9999999999999998 -0.9999999999999996 -0.9999999999999996 -0.9999999999999989 -0.9999999999999981 -0.9999999999999959 -0.9999999999999922
 -0.9999999999999981 -0.9999999999999974 -1 -0.9999999999999998 -1.000000000000001 -1.000000000000002 -1.000000000000002 -1.000000000000002 -1.000000000000005 -1.000000000000011
 -1 -1 -1 -1 -1 -0.9999999999999999 -0.9999999999999999 -1 -0.9999999999999998 -0.9999999999999997
 -1 -0.9999999999999996 -0.9999999999999989 -0.9999999999999994 -0.9999999999999991 -0.9999999999999996 -0.9999999999999986 -0.9999999999999946 -0.9999999999999856 -0.9999999999999687
 -1 -0.9999999999999999 -0.9999999999999997 -0.9999999999999996 -1 -1 -1.000000000000002 -1.000000000000004 -1.000000000000008 -1.000000000000016
 -1 -0.9999999999999999 -1 -1 -1 -1 -1 -1.000000000000001 -1.000000000000002 -1.000000000000004
 -1.000000000030372 -1.00000000000664 -1.000000000016755 -1.000000000008183 -1.000000000004942 -1.000000000003745 -0.9999999999821376 -0.9999999999614144 -0.999999999941206 -0.9999999998524018
 0.9932633733277224 -0.9966060403397377 -0.9982406116533949 -0.9989884342537433 -0.9992261534628625 -0.9990736482888792 -0.9984541777257143 -0.9970562523822932 -0.9941793767212319 -0.9883926333817921
 -0.9999999999999977 -0.9999999999999887 -0.9999999999999993 -0.9999999999999969 -0.999999999999998 -0.9999999999999993 -1.000000000000009 -1.000000000000035 -1.000000000000056 -1.000000000000128
 -1.000000000000005 -1.000000000000003 -1 -1.000000000000004 -0.9999999999999999 -0.9999999999999933 -0.9999999999999891 -0.9999999999999815 -0.9999999999999675 -0.9999999999999399
 -0.9999999999999992 -1 -1.000000000000001 -1.000000000000002 -1.000000000000002 -1.000000000000002 -1.000000000000004 -1.000000000000009 -1.000000000000018 -1.000000000000034
 -1 -0.9999999999999999 -0.9999999999999999 -0.9999999999999997 -0.9999999999999997 -0.9999999999999997 -0.9999999999999992 -0.9999999999999984 -0.999999999999997 -0.999999999999994
 -1.000000000000001 -0.9999999999999987 -1.000000000000011 -1.000000000000009 -1.000000000000011 -1.000000000000039 -1.00000000000006 -1.000000000000083 -1.000000000000142 -1.000000000000278
 -1.000000000000006 -1.000000000000002 -1.000000000000012 -1.000000000000008 -1.000000000000003 -1.000000000000002 -1.000000000000022 -1.00000000000005 -1.000000000000103 -1.000000000000195
 -0.9999999999999998 -0.9999999999999998 -1 -0.9999999999999999 -0.9999999999999999 -1 -0.9999999999999998 -0.9999999999999994 -0.999999999999999 -0.9999999999999979
 -0.9999999999999998 -0.9999999999999989 -0.9999999999999996 -0.9999999999999996 -0.9999999999999996 -0.9999999999999991 -0.9999999999999988 -0.9999999999999973 -0.9999999999999948 -0.9999999999999871
 -0.9999999999999999 -1.000000000000004 -1.000000000000012 -1.000000000000009 -1.000000000000008 -1.000000000000016 -1.000000000000026 -1.000000000000075 -1.000000000000142 -1.00000000000028
 -1 -0.9999999999999999 -0.9999999999999996 -0.9999999999999999 -0.9999999999999986 -0.9999999999999983 -0.9999999999999976 -0.9999999999999953 -0.9999999999999903 -0.999999999999983
 -0.9999999999999988 -0.9999999999999992 -0.9999999999999989 -0.9999999999999976 -1.000000000000001 -1.000000000000001 -0.9999999999999979 -0.9999999999999927 -0.9999999999999852 -0.9999999999999694
 -0.9999999999999948 -0.9999999999999968 -1.000000000000004 -1.000000000000002 -1.000000000000002 -0.9999999999999993 -0.9999999999999958 -0.999999999999995 -0.9999999999999915 -0.999999999999988
 -0.9999999999999996 -0.9999999999999994 -1 -1 -1.000000000000001 -1.000000000000002 -1.000000000000004 -1.000000000000008 -1.000000000000018 -1.000000000000035
 -0.9999999999999967 -0.999999999999997 -1.000000000000001 -0.9999999999999994 -0.9999999999999991 -0.9999999999999991 -1.000000000000001 -1.000000000000007 -1.000000000000014 -1.000000000000026
 -1 -1 -1 -0.9999999999999994 -0.999999999999999 -0.9999999999999989 -0.9999999999999989 -0.9999999999999986 -0.9999999999999964 -0.9999999999999949
 -0.9999999999999999 -0.9999999999999999 -1 -1 -0.9999999999999999 -0.9999999999999999 -0.9999999999999998 -0.9999999999999993 -0.9999999999999989 -0.9999999999999978
 -1 -0.9999999999999992 -1 -0.9999999999999991 -0.999999999999999 -0.9999999999999987 -0.999999999999998 -0.9999999999999983 -0.9999999999999966 -0.9999999999999943
 -0.9999999999999997 -0.9999999999999996 -0.9999999999999999 -1 -0.9999999999999999 -1 -0.9999999999999996 -0.9999999999999993 -0.9999999999999988 -0.9999999999999971
 -0.9999999999999992 -0.9999999999999991 -0.9999999999999999 -1 -1.000000000000001 -1 -1 -1 -0.9999999999999974 -0.9999999999999959
 -0.9999999999999998 -0.9999999999999996 -1 -1 -1 -0.9999999999999992 -0.9999999999999989 -0.9999999999999991 -0.999999999999999 -0.9999999999999966
 -1 -1.000000000000001 -1 -1.000000000000001 -1.000000000000002 -1.000000000000002 -1.000000000000002 -1.000000000000005 -1.000000000000008 -1.000000000000017
 -1 -1.000000000000001 -1.000000000000001 -1 -1.000000000000001 -0.9999999999999997 -1 -0.9999999999999999 -0.9999999999999997 -1
 -1 -1 -1 -1 -1 -1 -0.9999999999999998 -0.9999999999999997 -0.9999999999999996 -0.9999999999999993
 -0.9999999999999996 -0.9999999999999997 -0.9999999999999998 -0.9999999999999996 -0.9999999999999997 -0.9999999999999988 -0.9999999999999972 -0.9999999999999942 -0.9999999999999878 -0.9999999999999762
 -1.000000000000043 -0.9999999999997584 -1.000000000000235 -1.000000000000382 -1.000000000000228 -0.9999999999998891 -1.000000000000242 -1.000000000000756 -1.000000000001416 -1.000000000002125
 -0.9999999999999992 -0.9999999999999986 -1 -0.9999999999999991 -1.000000000000001 -1.000000000000002 -1.000000000000005 -1.00000000000001 -1.00000000000002 -1.000000000000045


# name: DatT
# type: matrix
# rows: 1
# columns: 50
 19.80163812637329 18.84200286865234 19.15721201896667 19.59199905395508 19.13919997215271 19.51194500923157 19.61301302909851 19.47242116928101 19.64403295516968 19.66409492492676 19.34283709526062 19.58849811553955 19.68206000328064 19.59900307655334 19.59550285339355 19.55447196960449 19.2697868347168 19.49443602561951 19.56448101997375 19.49543404579163 19.50143909454346 19.64303207397461 19.7631139755249 19.46841502189636 20.08282494544983 19.77512097358704 19.7025740146637 19.68306088447571 19.6520369052887 19.62101697921753 19.78312587738037 20.00377202033997 19.84916996955872 19.86821293830872 20.05182600021362 19.86568021774292 19.47141981124878 19.5494749546051 19.7305920124054 19.63352704048157 19.42839121818542 19.62952613830566 19.61701488494873 19.41088008880615 19.68506217002869 19.62152314186096 19.66855001449585 19.58849501609802 19.80964398384094 19.40888094902039


