# Created by Octave 4.0.0, Fri Nov 18 23:30:24 2016 Hora est. Pacífico, Sudamérica <unknown@HEEC>
# name: DatK
# type: matrix
# rows: 1
# columns: 50
 2000 2000 2000 2000 2000 2000 2000 2000 2000 2000 2000 2000 2000 2000 2000 2000 2000 2000 2000 2000 2000 2000 2000 2000 2000 2000 2000 2000 2000 2000 2000 2000 2000 2000 2000 2000 2000 2000 2000 2000 2000 2000 2000 2000 2000 2000 2000 2000 2000 2000


# name: DatF
# type: matrix
# rows: 1
# columns: 50
 4.522333943100218 7.5900882204452 7.877350463795328 4.820491068980708 4.641921236584567 4.974795285466449 12.72952111065842 6.44507006710125 9.372159769069349 6.269755669731691 4.865731102010297 14.27138021524209 6.964708361833956 6.76103152183325 10.81226861571245 10.49557745052917 8.624020271299429 6.600448748925755 6.489365907873054 2.018928995623929 7.102504894007478 4.203274158648501 9.512564653158901 9.481898641337665 2.984877171279869 11.03380405816452 3.979836228624578 5.124928034542499 7.765140511182945 15.89489919285461 7.713048278586239 4.910142394281031 13.74113794958902 5.663326608527607 7.229916363340175 2.984877171279869 5.969754342559744 10.26061212099472 8.985324655815631 1.98991811418658 11.16790669250056 7.760840179095448 6.964713399653034 8.894801732031867 18.43553233963649 5.929870629321503 13.06561421488655 4.748443207900652 5.969749304740682 4.974795285466449


# name: DatP
# type: matrix
# rows: 50
# columns: 10
 1.012228319184649 -1.037576834037742 -7.485576476576648e-010 -0.9949586379003554 0.9949586391503932 0.009319682556656772 1.586955277366483e-010 3.538523408797577e-010 -7.618309239897079e-010 -0.02325356140089588
 -0.9949586375863335 -0.9961026649242106 3.767325493973613e-010 1.621314577591597e-009 -1.841065352719101e-010 0.8718050065351466 9.821260649947771e-010 -0.04184047796190357 -8.536046432853573e-011 -1.041471863376518
 -1.07737898618466 -6.713987950501472e-010 0.9949586363279779 1.553779405261839e-009 1.031974458681133 -7.917532579391235e-010 -1.26966468866752e-009 0.9949586377099382 1.032318177785474 -0.9815315795344423
 1.391074278189545e-009 -0.05058403604971018 0.9949586371385899 5.084217447575937e-010 1.658696166724955e-009 0.9949586375947987 -0.9949586369625305 -8.111229840498231e-010 0.9535450623672047 1.129641690131288e-009
 1.250117456634727e-009 9.471963302083848e-010 -9.482921452749333e-010 -4.240095035400863e-010 0.9172621571305343 -1.288317062040044e-009 1.039979621541862 -0.9737322642666291 -1.666721447174546e-010 -1.215717934375902e-009
 2.782037702279503e-010 -0.994958636864857 2.77694578074696e-010 4.648256779151168e-010 0.9949586377684264 0.994958638549174 0.9949586380611376 0.9949586388224883 7.304938919535667e-010 7.80880149420298e-010
 -1.321195303206045e-010 -1.333602116468084e-009 0.9465038962366499 -0.08822095106021458 7.009044171078456e-010 -0.9821118996178944 -7.575585657658251e-010 -0.1021844985290019 0.9949586366510534 2.085132623761365
 0.0127376674866162 0.9949586362644146 0.9949586371280144 2.985625762023901e-010 0.04842012531913142 -1.096014742403115 -1.431414672270891e-010 -1.150039334489609e-009 -0.9949586375873181 -2.110590550380643e-010
 -1.311890289476171e-009 -0.9949586372087196 0.9514722138060516 -0.9949586396338481 -6.194891684975499e-010 0.04801201542729511 -0.9949586379609175 0.9021188921954841 1.033531283831632e-009 0.1000241828424657
 -0.9949586384243865 -0.9949586380362586 0.9949586370183692 -2.234018716886003e-010 1.518538383363314e-010 -0.9949586383196226 4.134262874475276e-010 0.9949586380470583 9.243689074884151e-010 0.08168050250594749
 0.02198935333812424 -2.572083571565687e-009 3.273833082156106e-010 0.04501005768855934 -1.244982457138996e-009 -0.9722484407797038 -0.03825234325843058 0.9949586373347731 0.9949586378989862 0.9949586379735775
 -0.9949586381536371 0.1408067449884127 0.1175679280458581 -1.033180622474836 0.9949586369229884 -0.04731609682207445 -0.9155400512055457 -0.9949586374311323 -1.319500507634124e-009 0.9793938776432913
 -0.9949586386886194 0.9949586373203331 -1.249281537925796e-009 4.689697159719021e-010 0.9949586374891877 6.594503676697262e-010 8.245980354367827e-010 -6.738151966961845e-010 1.989912233590051 -5.573716839888955e-010
 -5.579127614131643e-010 -4.997239748040929e-010 1.036670581947589 -0.9949586372614787 -9.399716099293157e-010 1.036852684907883 -9.116538981457451e-010 0.9949586374158701 1.070612072070445e-009 1.069777518368964
 -0.9949586381070339 6.869527063379816e-010 0.9949586378291269 -0.9288956212509222 -0.05154625467729639 1.346481458065365e-009 -0.08289868305504966 2.016592160624482 -0.005749573546307229 -0.9949586380948897
 0.03445834701761041 -0.994958636826795 -0.9879940763353938 -0.9476324054352194 -0.9949586375162491 0.048809054840244 0.8892286211932112 -0.0360344785297011 -0.9949586373747238 0.9949586373380124
 -0.9949586378324387 -7.062535573027388e-010 -2.433107220743561e-010 0.05685970995722123 -1.906193839747373 -0.9949586359577866 -8.588496950995527e-010 -8.321981412123176e-010 0.05881811745477972 -6.440851633468784e-010
 0.1061124070416505 -2.635914688620437e-010 1.539973296796795e-009 -0.9949586371799326 -2.953483126342625e-010 -1.004340495454562 -0.04480003795649801 -0.9949586372590059 -0.9783119352213869 -8.751215171012923e-010
 -1.062930255098734 -0.9949586379037219 4.341299445788391e-010 -0.07801324654688824 -1.930047323457277e-010 0.9608994501830753 -6.466856227745178e-010 0.03106746022537732 0.9949586381111097 9.730343605781008e-011
 -1.574605425992541e-006 -6.411593487882671e-007 1.487853923351039e-006 -0.05189513693645342 -2.468803765864937e-006 -3.103675337216661e-006 0.02586348131283067 -0.04284203767200159 2.157389641233972e-006 -0.9949568404522133
 -0.8903704571172151 0.0419156667589029 -0.9737343745090056 -0.01899861127485414 -2.375657489387402e-010 -0.9949586382914676 0.05154251689035638 0.008747486895742951 -0.9949586374755476 7.80327387454853e-010
 3.253481449339875e-011 -0.008519594001349551 -1.360865096152133e-009 0.9361863951520802 0.9431040212980213 -0.003697389032925047 1.133844328738662e-010 0.9949586366879372 1.179384891647833e-009 -1.220203818387088e-009
 0.9949586372344636 1.302450127422468e-009 -0.07244434124043771 9.457023201881242e-010 1.989912233753282 0.9898491312483194 8.027591955723491e-011 -1.035863615867702 -1.403553547000821e-009 -1.02620819818766
 0.08306291807327829 9.457346143886537e-010 -1.587691818722131e-009 0.994958637350726 -0.8862187595939417 -0.9973889414400099 -1.65453994071309e-011 -1.02698129722514 1.055702700389721 -1.863256230682156e-010
 0.9949586375041846 1.027016105162948e-009 -1.032610905556732e-009 -4.364934835948451e-010 2.346585249628699e-010 1.405963263090013e-009 -0.9949586382825514 -2.11673967059638e-010 0.9949586367484785 6.212666068972264e-010
 1.753834255173715e-010 -1.908801998459459e-010 -0.1478796705736448 1.360799095804653e-009 0.8879146318039794 -0.9949586378904584 0.9425124991776465 -9.359920573946131e-011 1.034295170247411 -4.953528282477276e-011
 -4.689090089322408e-007 0.994959319587474 3.019917842039421e-007 -0.9949584961121148 -3.094991228427345e-007 0.9949588992169474 2.491592674403234e-007 4.570800136431419e-007 0.9949588261214418 2.571589736107483e-008
 -0.07642302701492942 -6.956211116152381e-009 0.006495388954377956 0.9949585885948772 5.056799947707305e-008 -0.9949587175520707 -0.9949585658232171 7.218494309511575e-008 1.204093969887756e-007 0.9949586407852568
 0.0009651259176801652 -0.01729669205055506 0.06622180645987408 1.015147434087186 -2.886191117868506e-010 0.1134164581560558 -0.02187279739896626 -5.851649387910625e-010 -0.1312924454406935 -1.353897987745671e-010
 -0.9203019815965617 1.924506419435585 -0.9949586378569891 -0.1055152398986451 -0.8830915921289891 5.546370028796338e-010 -0.9949586380519618 -0.9949586388638433 0.03959246451653492 -0.03411635824481918
 -0.06262940068188683 -1.010182339584361 0.01985356689294282 -1.367671737159449e-012 8.476146995029939e-010 1.425747480438262e-009 -0.994958637795012 0.06999512381528006 -0.9672976925932769 -1.089538182901552
 0.9627713624124153 1.196352579148509e-009 -0.001557187448439329 0.005880860105191399 -0.9949586372875064 7.59285006090199e-010 0.9949586384517944 0.06054922810084234 -1.325101995227073e-009 -0.9949586381338444
 0.8207903154970619 0.08262782834326821 1.21475997119621e-011 -0.9949586381435407 0.9949586388993719 0.9028747216194584 4.359527338976821e-010 -1.041340681937629 -8.731418461151236e-010 -0.008890941604287717
 -0.9394955908794385 -0.9949586380448131 -1.009099362636682 2.849128814748115e-010 -1.00473205131505 9.145339156141229e-010 0.0187293230634178 -0.06345943132382237 0.02890095165492945 -1.151490193652898e-009
 -0.9949586370945896 -4.719353531268654e-010 2.818504650299109e-011 -0.9949586377443644 5.579582208913534e-010 -0.892603472217288 1.177153897519991e-009 -6.691851030590477e-012 -1.029839353025494 1.005212392148181
 0.9949586379127664 -6.279512180053484e-010 1.419898769127105e-009 8.967981187837932e-010 4.560973541720212e-010 1.409202205522563e-009 -0.9949586375060787 -7.120464743410586e-010 9.671857687882647e-011 -0.9949586386999117
 -8.524467316966882e-011 -8.339664216716893e-010 -0.9949586382117451 -0.9949586388867638 3.462725523166172e-010 0.9949586374155649 0.9949586354590653 -1.011238174026586e-009 -0.9949586384012482 -0.994958637141122
 -0.05186958380402507 7.94825550841657e-010 -0.9261316722800756 -0.9949586374437128 -0.9610046221578893 -0.9753282814644233 -1.323506122031914e-009 -1.00989881018587e-009 -0.07081928604400065 1.110516027206803
 -0.8960457709472052 -1.063731045191599 -1.668773908729356e-009 -0.9949586385087651 -1.01847099311347e-009 -9.016006852757595e-010 -0.1281563874974379 0.02457133161774962 -2.330993385443276e-010 5.919616805462599e-010
 -8.339948012193006e-010 -2.951966898390744e-010 -1.373845523593372e-009 -0.9949586369867435 -0.9949586374119425 -1.478667993480179e-009 1.319493527864885e-009 1.200581583956202e-009 1.210361209102391e-009 1.1534110454769e-009
 -0.9949586382183455 0.09208965417282977 -0.01170455643575119 1.038408092291868e-009 -0.9949586378920285 -0.9949586369973038 -1.07172792729332e-009 0.935302570000861 -0.928786622296477 1.096445418748568
 -0.004881793800550094 1.220619854408186e-010 -1.002033903797596 -4.722170542556449e-010 1.335886821862678e-009 -0.110961625668345 -8.671575531604382e-010 -4.7381936412109e-010 0.0254097098219504 -1.950936615885905
 0.9949586375077019 -5.033318459554602e-010 0.9949586372136172 0.994958637493937 5.249068374282847e-010 -0.994958637919566 5.521584714378005e-010 0.9949586371900526 0.994958636018616 0.9949586364339359
 1.111166635536911 0.06717587674048987 -0.9949586368729982 6.034904302777259e-010 -0.9949586374432432 1.006628202833288e-009 4.90843107038944e-010 -0.9702166206894097 0.9949586381273298 0.04123205199447502
 7.628143666743135e-011 1.036261558564291e-009 -1.975164692404768 0.9949586384805682 -0.8287364990534022 -1.989912232940251 1.4052893434598e-009 1.05126072688058 -0.0276607224850902 1.056017061626397
 0.9949586376127344 1.699552592590396e-011 0.9470398057417704 0.9949586372077109 -9.614052726743904e-010 1.021925512076002 -7.590187262664079e-010 8.746467682505959e-010 -1.186653325075773e-009 -0.9521324262504689
 -0.9812033016051532 0.1236256435679036 -0.05983143162625115 -1.023931746299229e-009 -1.097203130758289 0.9949586377132811 -0.9236511867877306 -5.679186797696836e-010 0.9076866824342885 -1.102111980148485e-009
 1.092269203035673e-009 -7.523856306784101e-010 6.017786677376186e-010 -1.042597422175418 0.004341485233988251 -4.278006670480357e-010 -7.789957543932824e-010 -0.02965923937565895 1.844936627033368e-010 -0.1290465364642222
 -0.9949586377950085 4.946450010601325e-010 -1.989912234323144 0.9949586343546341 -3.032872381592119e-009 4.581306877238863e-010 1.990116200363408e-009 -4.265229247169621e-009 1.560589153749198e-009 -6.73617974727117e-010
 8.173886657582005e-010 -0.9949586384556838 9.301739411631084e-010 0.9949586366218539 -0.9949586379085519 -0.9949586365592397 -0.9949586383057852 -6.860658567822218e-010 4.460168615203861e-010 6.529484507071676e-010


# name: DatT
# type: matrix
# rows: 1
# columns: 50
 17.3485119342804 16.73010182380676 17.25895118713379 16.71408796310425 18.35567998886108 17.47009205818176 17.36852383613586 17.65521597862244 17.20991706848145 17.02629709243774 17.08683705329895 16.71208810806274 16.79364204406738 17.19541001319885 16.90821886062622 16.76962614059448 17.41405415534973 16.80414891242981 16.92372894287109 16.7996461391449 16.96525812149048 17.23693704605103 16.43190097808838 17.13487005233765 16.99627590179443 17.60067796707153 17.18790197372437 16.89471006393433 20.13385891914368 17.5316309928894 17.23243308067322 16.8822009563446 17.41805791854858 17.13286590576172 17.02029418945312 17.0708270072937 17.08583807945251 17.33349895477295 17.42256116867065 17.31512498855591 17.67277789115906 18.5953381061554 17.40554785728455 17.00680184364319 18.18706703186035 17.21392107009888 17.40309810638428 18.31365180015564 17.1358699798584 17.36852693557739


