# Created by Octave 4.0.0, Fri Nov 18 16:48:53 2016 Hora est. Pacífico, Sudamérica <unknown@HEEC>
# name: DatK
# type: matrix
# rows: 1
# columns: 50
 2000 2000 2000 2000 2000 2000 2000 2000 2000 2000 2000 2000 2000 2000 2000 2000 2000 2000 2000 2000 2000 2000 2000 2000 2000 2000 2000 2000 2000 2000 2000 2000 2000 2000 2000 2000 2000 2000 2000 2000 2000 2000 2000 2000 2000 2000 2000 2000 2000 2000


# name: DatF
# type: matrix
# rows: 1
# columns: 50
 -323.6465667555968 -311.941541861126 -302.6022536616852 -337.757406216811 -347.6687193340128 -320.4694822137463 -313.844873614717 -307.1320977074988 -320.8143341155169 -302.2711054197916 -323.2495595360466 -311.1784048345649 -282.8166892591863 -321.679077546078 -300.0953398448769 -293.0805979341258 -302.1890418298592 -356.1386167406966 -332.5070139311964 -341.4720347662098 -327.2938063635747 -318.946110038521 -346.774677903573 -315.8737812224095 -331.6391880386926 -315.5960667277727 -301.7684618143771 -323.433363108855 -327.6141746162979 -348.0425351298184 -337.8998357101271 -316.2307059475571 -302.6076113202179 -333.3960057008479 -333.1188345945549 -330.9127881823346 -325.3712730020391 -337.4607293588496 -362.5267450109168 -288.7967067952508 -335.7789076218755 -322.7600971050712 -330.262772058819 -301.2243927352011 -350.6367895343379 -321.8570002944632 -316.8329086567923 -319.9620454123507 -315.8562156253691 -324.0442493602917


# name: DatP
# type: matrix
# rows: 50
# columns: 10
 -2.737796085565323 -3.027217025511984 -2.206067417580757 -3.180692842469999 2.956270934291028 -2.73860341722894 3.024851299802702 -2.941791460944801 2.654934006246778 2.629243755645401
 -2.72149353405802 -3.029698535881284 -2.325251602328138 2.827398367512726 3.166856038693747 2.709615389088897 1.828496928553051 -2.442151647097063 -3.094316987808463 -2.516644047713578
 -3.121825429186244 2.909821445942556 3.140556593321801 2.721615571650306 -2.000486039431338 -3.073803669552873 -2.389233364211608 2.469068226912858 -1.908676683505521 -3.154403298645053
 3.164608176972204 -2.690445213428804 -3.276890135009058 -2.629058575838655 -2.774953319745708 -2.754690900991735 -2.757631055498594 1.306822362762666 -2.766174564912447 -3.08872729860364
 -2.662073465818406 -2.551003817515427 -2.649946025580814 -2.710263080816275 -2.883969927375379 -2.727156524646324 -2.39847797636519 2.799373612707131 -3.244876879803024 3.266647428673351
 -3.019903707419333 -3.146727157676751 -1.596460962916783 -2.390405303294065 -2.63422881763638 -2.454983256381106 -2.960965380589247 -3.026694651808223 1.375964228505088 2.851185309595729
 -3.1423729954549 -2.549421292728675 -3.114505992749297 2.830494542880278 -1.896016176058192 -2.68778424279894 -2.702357919775265 2.701998668379474 3.212980761519806 2.79484275338474
 -3.021199109656653 -2.541001583357829 -2.663521510190634 -2.07209943623961 2.589819418782636 3.006935688711775 3.31268144426981 -1.450537707190103 -2.544228502125692 -2.855346963300246
 2.88751586788956 -2.635481981085645 -2.922145341608196 -2.84802994640373 -2.512022683879527 1.846288363333426 -1.476986504831318 -3.227377475609171 -2.646341742905212 -2.172554210106224
 -3.149753499291629 -3.262160565921514 2.311917720003231 -2.315859888277198 -2.776805395416952 3.014191436152203 -3.607478444326382 -2.514674944267237 2.104269541109125 2.253769955887135
 -2.852693291417032 -2.819464176469523 -3.054217196913457 -2.848694910075295 -2.196624495619819 -3.150336702763346 2.919905703608869 1.307088906949366 2.957593945507829 -2.778360016897385
 -3.134952627596093 -2.244886868969676 2.931944548159288 2.562285549381197 1.712961654039911 -2.687847371360067 -3.105522963428616 2.835584543991149 -3.258545124305869 -2.562369276027893
 2.136640246498701 2.031893948279205 -3.158620151338549 -2.796193568659401 -2.609028319646464 -3.124249593903008 0.5099010054460068 -3.027293648510776 2.76862006422975 2.676469742720906
 1.971854316052155 -2.958960017443791 -3.391871818585229 -2.660189326326658 -2.820464274480705 2.607301817508116 -2.953461363915497 2.507603827636788 2.732873158098979 -2.892090384044762
 -3.194531821694054 -1.82748177744678 2.907214267201052 -3.124273403879032 -2.949835215484424 2.547551522546162 2.340633352264974 -2.579197371327949 2.873150800408015 2.759200108688496
 -2.41623674702732 -2.155707843993261 -2.043236302241166 -1.764605842600987 -1.738206852045893 -2.260755757468788 -2.921177814841343 2.783818071681146 2.747187084101725 -3.70877118481463
 -2.999284129355982 2.566773883545009 1.880334444269985 0.929954101926782 -3.179417466290104 -3.191167237722917 -2.926684706759588 -2.705736251996291 -2.814395286171724 2.704353983881911
 -2.950354061326552 -2.930719271417627 -3.134665373908445 -3.036294928403777 2.40111264117176 -2.698392556259518 -2.932212920080759 2.863543589949391 -2.850275314902365 -2.420713808675119
 -2.097206720292486 -2.619863893667833 2.337988585760635 -2.112084854834527 -2.912119466399376 -2.500925421342153 -2.752815369749777 -3.13845803046476 2.581806369802425 -2.193857490527368
 -2.98696467767155 -3.276436222357725 2.586862795192996 2.823742392614457 -3.014750131030616 -2.871993115272297 -2.846982730254305 -2.732407670353313 3.049571873340543 -2.519708768323907
 -2.865487107512555 2.636141682194353 -2.57314304014891 -2.695987817756949 -3.140251412115873 -3.503254866442371 1.174721504741003 -2.236454231124752 -2.768580039661835 -2.697098958332093
 -2.617522370542842 -2.629300934997518 2.953449753161325 -2.84939232734264 -2.714220720637753 -3.072808167067225 2.623142321445958 1.920291684561131 -2.515570513361077 3.114189086874762
 -2.798938010633892 -2.882882196561732 -2.849386856943799 -2.542506187783094 2.708679541696959 -3.003586000376587 -3.10773604381945 2.119119562982895 -3.449187578737585 -2.47016464169915
 3.364605046351679 -2.673125049482412 -3.097230907025759 2.812019818124375 2.117552145273283 -2.179920943357389 -3.142577585434786 -2.195967646747926 -3.398084804360911 -2.716269211826055
 -2.856132157082064 -2.621992301133909 -2.692338168428455 -1.662409314039608 -3.033972828369293 -2.514069646432732 -2.931282023165784 2.606247639134591 -3.708055897096301 -2.016921368274674
 -3.009070187591524 -3.137141808866506 0.9199381581595963 2.98225150899845 -2.633567244357073 -3.079445074302742 2.750273516980329 -2.786282814740533 -2.08142373891105 -2.914745073027376
 1.847262789297105 -2.624717610931839 -3.142721642915963 -3.153652545854148 -2.715208555329746 -1.607187125407105 3.102391489921334 2.674558406599878 -2.731518789688056 2.950118449100764
 2.635862464049915 2.751316044250014 -2.812292453622507 0.9840402937287965 -2.998846637450732 -2.988771379575037 -3.117068634675191 -2.619541575807697 -2.484475856742018 -2.776574185068811
 -2.550698781229469 -0.915277812440535 -2.871183889673754 -2.844666197891371 -3.10056003177337 2.631317554325332 -2.639009614566947 2.849735195881793 -3.105393809972532 -3.041123472497504
 -2.833112655486097 -2.807022124374317 2.65773100475276 -2.866690804256774 2.73592267906775 -2.697721033842532 -2.993670568730793 2.740167043480063 -2.890919048306607 -2.894853914362844
 2.745281269081429 -2.90130948800499 -2.817504731347757 -3.051301599313467 -2.786511067866634 1.761151485341805 -3.066681876695647 -2.823418825832603 2.817039229431061 -3.069936823883419
 -2.474622090789829 -2.680626914637588 -1.728762495999429 -2.018890583989106 -2.630494306762452 3.417328588160166 2.805789182635124 -3.190904029875715 -2.626973393248987 -2.236593164202964
 2.481935536691422 2.929449289178156 2.702206602846487 -2.922636971489924 -2.91361819959466 -2.783807552149268 2.968522435017045 -3.102261406704494 -1.126022824380562 -2.516766775645261
 -2.763902360268947 2.98679581994214 -2.368485622551837 2.828922202170953 -2.542359189080044 3.14091293257531 -3.012192529313902 -3.172749727814089 -2.465920537456027 -2.606867362708585
 -2.899376907766834 -3.258736867695718 1.80631561179643 2.856045721608356 -3.593514101102446 -2.703228478760778 -2.276851376591498 -2.763678746284262 -2.648590875549185 -2.629772112096524
 2.184288305980127 -2.474554335271789 -2.64300288743948 -3.034446471363788 -2.300620088005911 -3.219347325412174 -2.919958882201636 -1.678501970969318 -2.928975488085675 -1.729904420224635
 -2.626523325881072 -2.955968121968683 -2.924300979332488 2.733011523495212 -2.854484683096097 2.433787101531897 2.093358222622166 -2.976859955077889 2.749178640988651 -3.245756273447431
 -2.504394020944182 -3.141014413586907 -2.298028435361547 -2.931430353644767 -2.960580923901605 1.691968937347999 -3.264922203197957 -3.050129059310774 2.172520685382793 -2.844245442663159
 -2.67627681380394 -3.174904327624652 -2.2776754491325 -2.756508741532636 2.697692205969384 -3.054260071367873 -2.473642141851371 -3.097747073691068 -3.003652248321094 -2.459158768292104
 3.105457378351279 2.810756483052454 2.586214655474967 -2.089484445615228 -2.70694557550068 2.303315083124896 -2.496409108100849 2.797120851668377 -2.9413191710359 3.034374468902274
 -2.566292412960328 -3.122295104574782 -3.099798223982005 2.858655941524546 -3.147325562863913 -2.877369212861077 2.55238423883038 -3.033979454031121 -2.189100767533045 2.450394829020428
 -2.234496090694364 2.032178643161575 -2.77936685644176 -1.84691524518191 -2.776806701101311 2.531110423224402 -2.937285250676911 -2.800525454028739 -2.755103740862166 2.72747334939731
 3.070739177071315 -3.194304276853893 -3.267097870160784 -3.159853219095512 -3.113971016241202 2.610364229430866 2.295221012974667 -2.885586640707026 -2.331633799896682 -2.40294592286724
 2.796732696267996 -2.888017373720535 -2.626715119049164 2.869566531163669 2.26405274330006 -2.956824514518146 -3.045646500120006 -2.468232816843895 0.1096188643048356 -3.151615374301827
 -2.15766195773472 -3.102409282280579 -2.905110925575043 -2.995079991272596 -3.002917151756817 -3.182267253141672 -2.570078820437457 2.903178182130076 -2.697204316343484 2.672147097502879
 -2.997456850210315 3.033832982966564 2.247554363965719 -3.139985904949215 -2.971105603566798 -2.647261011555625 -2.866850328213861 -2.986578772715289 -1.47906793288891 2.617993522549556
 2.619764852286303 -2.93081376245063 2.559481366682102 -2.891118029368901 2.696069658258152 -3.178190398507439 2.397101557436577 -2.911333031304228 2.708540979537394 -3.047792016777123
 -3.080837932837475 -2.741777099489306 -2.120124983562094 -2.984327233942301 -2.641003670990578 2.207679613213763 3.015980611940929 -3.105442925544526 -1.238159784839757 -3.286161165903061
 -2.795120690894807 3.190568336601101 -3.061663957896121 2.714747756529701 2.800822498308892 -2.953196167015732 -2.265883254450153 1.957410623498239 -3.251962855248426 -3.077197052282358
 -2.295233375663126 -3.058141880766686 -2.792957078445722 2.966284871253005 -2.650182593139361 2.706950752086098 -2.914905261384387 -1.709374027744166 2.766210696847695 -2.560185297316505


# name: DatT
# type: matrix
# rows: 1
# columns: 50
 11.7012619972229 11.9074010848999 11.65323209762573 11.76830887794495 11.65873789787292 11.91490697860718 11.91790699958801 11.92441201210022 11.78231596946716 11.64122414588928 11.67374515533447 11.80683302879333 11.73728895187378 11.70076203346252 11.84636116027832 11.94342994689941 12.01046895980835 11.72578287124634 11.94042205810547 11.76230406761169 11.87987995147705 11.81283807754517 11.58618712425232 11.69626212120056 11.53615379333496 11.62120890617371 11.85036206245422 11.59219217300415 11.82084202766418 11.91040301322937 11.8008279800415 11.73378586769104 12.06650614738464 11.67274498939514 11.85486388206482 11.82384705543518 11.72678112983704 11.75980401039124 12.06750583648682 11.64923000335693 11.73128294944763 11.49162602424622 11.7703070640564 11.6712429523468 11.7472939491272 11.74329304695129 11.45109796524048 11.6952588558197 11.65473294258118 11.81133604049683


