# Created by Octave 4.2.2, Tue Mar 19 16:39:21 2019 -05 <ubuntu@algoritmosb>
# name: DatK
# type: matrix
# rows: 1
# columns: 50
 2000 2000 2000 2000 2000 2000 2000 2000 2000 2000 2000 2000 2000 2000 2000 2000 2000 2000 2000 2000 2000 2000 2000 2000 2000 2000 2000 2000 2000 2000 2000 2000 2000 2000 2000 2000 2000 2000 2000 2000 2000 2000 2000 2000 2000 2000 2000 2000 2000 2000


# name: DatF
# type: matrix
# rows: 1
# columns: 50
 6.745739047159415e-36 2.126020405878714e-37 1.411575820971215e-37 2.621630380999238e-37 2.920984249072609e-36 9.708035276805396e-38 1.086225888516486e-37 6.507545807278715e-37 3.852021770842888e-39 2.81561581030345e-37 1.697859054660452e-37 1.229532783132406e-37 3.846750303975496e-38 6.965791601175105e-37 8.119806176696251e-38 5.794912127710592e-37 1.775220519921434e-36 5.648811524485174e-37 1.967799359741658e-37 5.941034270020941e-38 2.826354354062457e-36 4.782930238014751e-38 3.039853562048455e-37 3.136868981105225e-37 3.107981200408195e-37 9.008743239181593e-38 2.735147792534333e-36 1.260545224368954e-38 3.892862015451555e-37 3.217751022850779e-37 2.007892095838685e-38 2.85215469219512e-36 3.569160315465441e-38 5.271936529683832e-38 1.700339671480136e-37 1.177452704128173e-37 1.332768046915483e-37 2.1352940440756e-38 5.138800162612864e-39 4.066516460721674e-37 4.301985695986741e-38 5.691667126070889e-38 1.71722834084605e-37 7.467549559645506e-38 1.419867508729094e-37 4.20268071846733e-38 6.210969031482595e-39 2.860190808115436e-38 1.169712428250398e-37 4.561331528987756e-37


# name: DatP
# type: matrix
# rows: 50
# columns: 10
 1.82580166071859e-19 3.114668363355354e-19 1.198422899435291e-18 -8.375760752801955e-19 -2.190450626426232e-19 -1.725586662562007e-18 9.152350798674135e-19 7.870772637812534e-20 -3.032096443277375e-19 -7.184876454763727e-19
 2.458615404359641e-19 -2.248659016181265e-20 4.676224805026503e-20 3.467701272268706e-20 4.694953716732226e-20 -3.859353199332731e-20 2.565024005449089e-20 3.049728332068888e-20 3.075709376196662e-19 2.199492514334959e-19
 5.954459915572292e-20 -1.467107627403327e-19 2.187013632031252e-20 -1.495586099330347e-19 -2.226693846769644e-19 -7.182908819449914e-20 -1.400711395200057e-19 9.263533733996993e-20 -5.88647570770468e-20 8.267122823178079e-20
 -1.104328362306193e-19 -1.153876556001672e-19 -2.411919918405862e-19 -1.792574908403666e-20 3.099345324088212e-19 3.236068020246924e-20 1.832047167008601e-19 9.726975622869434e-20 8.554568167617845e-20 -1.752379552337728e-19
 -7.605936543066729e-22 9.830412560920213e-19 -6.505314548838397e-19 -4.726727405782885e-19 5.855449550392593e-19 -3.410477371046989e-20 5.163516473648548e-19 -2.725957626621565e-19 -4.281849010125698e-19 6.631041041474338e-19
 -9.54090324841767e-20 8.894762978158018e-20 1.64314405642876e-20 -6.210469842914723e-20 1.530472790433751e-19 1.021918760363185e-19 2.77914443401627e-20 1.421569709777576e-20 1.99247582239734e-19 3.739122941897656e-20
 1.650195661209052e-19 -1.30672187647603e-19 1.691537583092026e-19 3.782151599982277e-20 -5.054470659229304e-20 -5.004474233063664e-20 -4.000751471224267e-20 8.313604165493725e-20 -1.43832979815336e-20 -1.431576909770666e-19
 2.261456873806686e-20 -4.047254809999097e-19 3.262495507236302e-19 -3.784728842517544e-19 7.177956752430733e-20 -1.97556054354492e-19 1.15661547792821e-19 -1.686731129308472e-19 -3.852501730753334e-19 4.830470093648005e-20
 2.957764445043516e-20 -1.372774709339446e-20 1.063134732533477e-20 2.052503850957133e-20 -1.619770384664697e-20 1.692261923155705e-20 2.935893305886622e-20 5.96699363135609e-21 9.466307912140566e-21 2.680536004563279e-20
 -1.306923248145221e-19 -1.790478219272907e-19 -1.565781387561228e-19 7.13262780292684e-20 -1.036091012897645e-19 1.704002403905278e-19 1.979611494360262e-19 -1.891864529593624e-19 -2.041887432214173e-19 -2.153475375555326e-19
 -1.239225746047436e-19 -2.592772060301192e-19 4.225293876028911e-20 4.641938983061351e-20 -9.553338720909778e-20 -6.537017135329088e-20 2.078856450233658e-19 -1.431261858941593e-19 7.794461624797933e-20 -9.357550140274768e-21
 1.037577475742095e-19 1.996543832740369e-20 -5.6647029091084e-20 -1.286945051835307e-19 1.422916355454364e-19 -1.27332253067495e-19 -1.762765466148469e-19 1.035237434960346e-19 -2.157936485175937e-20 -1.153306562712085e-19
 5.736649421952093e-20 5.694630670596403e-20 1.597117813027258e-20 -5.085716900666488e-20 1.362888708626411e-20 5.644579326164841e-20 -6.75273371962703e-20 -1.839968023722672e-20 -1.335279344434181e-19 5.470012289293241e-20
 -2.607757860922271e-19 -4.120569174954653e-19 2.177453720189205e-19 1.221522388860755e-19 3.308212116805753e-19 7.525001871922405e-20 -2.044129528490643e-19 1.604987658714032e-19 3.9927512072143e-20 -4.606583060958002e-19
 3.837476761250324e-20 -3.458320640587203e-20 -1.045556710698264e-19 -8.903758272989408e-20 -7.334865247905024e-20 1.135864776029314e-20 -1.224880970025344e-19 1.499497211524416e-20 -1.958210966086033e-19 2.422256486467079e-20
 -1.126099700083112e-19 -6.149436251790748e-20 7.507877183196823e-20 -8.278173701917999e-20 3.7806229049138e-19 1.696994036439942e-20 -1.818515593526399e-19 1.409707172236001e-19 2.767944724056516e-19 5.27031332811615e-19
 4.291648212285865e-19 5.203554009175745e-19 -9.361340598486849e-19 1.944189583590909e-19 2.483959449819657e-19 -1.520944661793971e-20 5.221305500456566e-19 -2.435265199458718e-19 8.046673336501943e-20 -7.6094535695365e-20
 -4.612556145634667e-19 1.296114193929106e-19 -1.304387952551427e-20 3.599031816450781e-19 5.708688072522309e-20 -2.97391371234018e-19 -1.482138244214373e-19 -2.094271623396387e-19 1.716458678349493e-19 -1.365098159048084e-19
 1.556901642680245e-19 -2.90162984734552e-19 1.008036152574384e-20 1.1724963632013e-19 -8.28531038145727e-20 -8.770207571468134e-20 2.255587645524344e-19 -5.990654113092701e-20 -7.002720211967547e-20 2.390000499646503e-20
 1.577190721933797e-19 2.682467590584059e-20 7.349916778661954e-20 3.198073495403176e-20 1.692404169188246e-21 8.007077372844202e-20 -6.390113974479945e-20 9.589756550097568e-20 -4.683369267148649e-20 7.418417701505503e-20
 -4.96529948284261e-19 -1.167618153535437e-19 4.084005540309642e-19 1.679807930336693e-19 -3.88593702251596e-20 -1.212433090970896e-18 1.173675716103277e-19 2.04728741300319e-19 1.449900038787528e-19 9.071688526912704e-19
 3.932664737709056e-20 3.879777712203196e-20 7.082089574814777e-20 -3.033308529367969e-20 -1.545215535004262e-19 1.211648983115401e-20 -5.850589148673803e-20 -8.54334149375544e-20 -2.357160138726877e-20 -5.950299486653449e-20
 -5.525988535688567e-20 -2.2551222445171e-20 -3.165705176772232e-19 3.346300784748135e-19 -1.438774108852747e-19 9.754935933822481e-20 -7.478177741747563e-20 -3.721646859886562e-22 8.695726744009262e-20 2.117979121418964e-19
 -1.049655130914818e-19 -1.146486850415102e-20 -2.600534192080051e-19 2.910199097471015e-19 2.174013362990887e-20 -4.183438667852019e-20 -3.48242999501511e-19 -1.333541295580031e-19 7.975182978765046e-20 -5.077118282733631e-20
 3.109518729031986e-19 1.26836780354099e-19 5.913805134515308e-20 1.424164077712257e-19 1.868070025861578e-19 -1.843316110160892e-19 -3.144133557849323e-19 1.376405749661369e-20 -6.59296849801161e-20 4.441634426148842e-20
 4.533437242195791e-20 -1.196815098298704e-19 -9.503268365530024e-20 -1.573687469115747e-19 3.682515449904143e-20 -1.484132325909101e-19 -5.465973697274376e-20 -2.770824617931037e-20 -7.122398361647002e-20 -8.775853576772084e-20
 8.740742962577347e-19 -8.513119154475634e-20 -9.232005476040403e-19 -4.666085357020369e-19 -5.841058138609229e-19 -3.523074860523337e-19 -2.352107396471852e-19 6.080479210731242e-19 -3.180183260794254e-20 5.013911902951297e-20
 -5.445022198881547e-20 2.342763883732343e-20 -1.77820505865219e-20 4.291897544974199e-20 -2.508546334574136e-20 2.554499483899718e-20 -1.66396145563072e-20 4.403078909718191e-20 -2.638054464156281e-20 -5.234676686831399e-20
 -2.639159510953867e-19 -3.611409699581651e-19 -1.110453927670178e-19 -3.640906613454245e-19 -1.619093740780078e-19 8.344210102918693e-20 -8.381353655052357e-21 1.804845316864235e-20 -7.476755889550532e-22 -1.036576132195005e-19
 -8.848959185079144e-20 -2.607557560146319e-19 -1.317767541767039e-19 -2.557730380595063e-19 -1.56792233822999e-19 -9.280822719132759e-20 -2.317798411176047e-19 -9.493352689808027e-20 -4.890878054487165e-20 -2.54642220519416e-19
 1.967753026554653e-20 4.288247326656664e-20 -9.10446604188453e-21 -2.987383634638448e-20 6.938377228090695e-20 -4.991669735387966e-20 -7.731526339013085e-20 -4.881768954978288e-20 -8.924834717402355e-21 -3.363358256526273e-20
 8.50337809823432e-19 8.321747979386532e-19 -7.369610018950936e-19 1.447063175759929e-19 2.123953285348423e-19 -5.348859553138419e-19 8.002535538589375e-20 9.574928151992759e-20 3.821505030801932e-19 -6.161884615917889e-19
 -4.545844915790531e-20 -2.369841217072641e-21 -3.136506432017024e-20 3.846729583628577e-20 6.621776422190866e-20 -2.825938087312719e-20 1.409896505107528e-19 -2.690609378909286e-20 7.843759086383525e-21 7.286348469594362e-20
 -6.809556322717936e-20 2.382621418014142e-21 -1.097406933932109e-19 -2.25017468320132e-20 -1.703161930485372e-19 -6.756478155965697e-21 7.368311231625556e-20 -1.500128932264162e-20 -2.094990474707177e-20 1.95176955963983e-20
 -6.476932112902872e-20 -7.674988858860351e-20 -1.408817077937803e-19 4.415322394847782e-20 3.187378631372121e-19 -8.922944089181618e-20 1.027218839811088e-19 -5.140683671500894e-20 4.2436742196713e-20 1.166196814311987e-19
 9.757932161032799e-20 1.971190171031339e-19 -2.043848296709473e-19 -1.060864006397403e-20 -1.134964573241981e-19 3.517989792342269e-20 7.462221375561906e-20 -2.277651667214238e-20 -1.352209946662416e-20 8.421861400553881e-20
 -8.079561963491661e-20 -3.627450901644338e-20 2.018826843263252e-19 1.271531518201497e-19 -1.829960008884345e-20 1.435777247210225e-19 1.149396459157237e-19 1.418335943977243e-20 -1.722158818317997e-19 -6.699591064805361e-20
 -3.292717063837939e-20 9.50182305297248e-21 1.437769467617076e-21 1.19819070690556e-19 -1.870394662890273e-20 2.580138707848939e-20 2.257264867179912e-20 -5.171526613156299e-20 3.704460713360201e-20 1.574595248036524e-20
 1.241335678400899e-20 4.222744628829786e-20 -8.131077632694332e-22 5.763369823467442e-21 -4.022313752661344e-21 4.325952861688797e-20 -2.038482978528304e-20 2.601094611369596e-20 -1.356061689877805e-20 -2.026618394705082e-21
 2.974658007794517e-20 -1.117354054660763e-19 -3.074379338044037e-19 -2.135357254958866e-19 1.418895118545232e-19 -3.357152292681578e-19 -2.479696809665689e-19 6.784230805604823e-20 2.316091640344264e-19 -2.438651191834551e-20
 -5.832535125401616e-20 1.175373280195013e-19 -7.958622212691206e-21 -3.50452357008826e-20 -2.576463624228654e-21 -7.260432980711863e-20 4.071491539683746e-20 1.092904073734764e-19 6.65671083037109e-20 -3.464353346652991e-20
 -1.797426490916402e-20 -4.9465304588919e-20 8.969678904812915e-20 1.481143948445779e-20 -7.098026226928656e-20 3.118534279671485e-20 3.818573458787016e-20 -7.310625450413774e-20 1.419030366758071e-19 -1.137190316958574e-19
 3.523564265071653e-20 -1.307130298067015e-19 -2.942864818840261e-19 -1.109205879980201e-19 3.89892557091104e-22 -8.457713865030421e-20 2.051856091675915e-19 1.992535747045015e-20 4.871202845982794e-20 -4.962879158204291e-20
 -6.24970732049521e-20 -8.63602494561509e-20 -3.43524742221129e-20 1.186572706398663e-19 1.068017002774965e-19 1.082667749256547e-19 5.643873755617113e-20 5.449039390834873e-20 -2.681401372807392e-20 -1.343504938504531e-19
 2.268883003740907e-19 -1.096397776512215e-19 1.175700386201848e-19 1.951998355106297e-20 3.588108769132053e-20 -4.13561983516595e-20 -6.107654050161912e-20 -2.165465349190801e-19 -9.794402067641335e-20 -3.271484489477067e-20
 -1.537116187443725e-19 4.812285168371012e-20 2.865191709149456e-20 -1.580866767276824e-20 -7.206790847094438e-20 3.309621944814256e-20 4.280162171880454e-20 -2.447031531098625e-20 -7.837830724467412e-20 -1.223980776092583e-20
 -9.704867299002146e-21 4.157685437890715e-21 2.079782359312087e-20 1.505533956208085e-20 -3.791471648970528e-20 6.797962864324475e-21 -1.871935666317027e-20 6.131269000860647e-21 4.556011287607504e-20 -3.863698790183727e-20
 6.828363787488377e-20 4.056744228115847e-20 1.767505493172555e-20 6.800241260778001e-20 1.031258798503593e-19 5.922616922570678e-20 3.345752313280579e-20 -2.280268661100303e-20 -3.491483800311869e-20 -1.885999256267175e-20
 -2.720137236177814e-19 -9.888908473692518e-20 4.717682442218078e-20 3.332274062189509e-20 -3.830671484292196e-20 -7.649086705943423e-20 -5.426322884057533e-20 5.371355301058821e-20 1.012393004755188e-19 -8.0419967768258e-20
 -9.893699079423184e-20 3.846624043834313e-19 -2.241955003248434e-19 5.066210974042798e-20 3.547536827066364e-19 -3.507904255472382e-20 -1.508064725845825e-19 -3.088030763245012e-19 1.080049369291743e-20 1.580791797452608e-20


# name: DatT
# type: matrix
# rows: 1
# columns: 50
 11.94807600975037 12.93255591392517 13.22761297225952 13.61572504043579 13.00368309020996 13.65389204025269 12.0699999332428 12.18715906143188 12.21629118919373 12.16392803192139 12.19216799736023 12.18206596374512 12.14726686477661 12.17561984062195 12.1625599861145 12.19093799591064 12.17689681053162 12.19772696495056 12.21678304672241 12.21440720558167 12.1800000667572 12.22271609306335 12.19181299209595 12.22979307174683 12.20917797088623 12.2203381061554 12.21498107910156 12.2184898853302 12.20356106758118 12.18711805343628 12.20857882499695 12.21916580200195 12.18037796020508 12.22316479682922 12.20771288871765 12.20076417922974 12.20121192932129 12.20592594146729 12.22808790206909 12.18012690544128 12.22297883033752 11.89312410354614 11.85414290428162 11.89084482192993 11.87874913215637 11.89660406112671 11.94129014015198 11.88604593276978 11.89689898490906 11.90210604667664


