# Created by Octave 4.2.2, Tue Mar 19 19:14:27 2019 -05 <ubuntu@algoritmosb>
# name: DatK
# type: matrix
# rows: 1
# columns: 50
 2000 2000 2000 2000 2000 2000 2000 2000 2000 2000 2000 2000 2000 2000 2000 2000 2000 2000 2000 2000 2000 2000 2000 2000 2000 2000 2000 2000 2000 2000 2000 2000 2000 2000 2000 2000 2000 2000 2000 2000 2000 2000 2000 2000 2000 2000 2000 2000 2000 2000


# name: DatF
# type: matrix
# rows: 1
# columns: 50
 3.108624468950438e-15 3.108624468950438e-15 3.108624468950438e-15 3.108624468950438e-15 3.108624468950438e-15 3.108624468950438e-15 3.108624468950438e-15 3.108624468950438e-15 3.108624468950438e-15 3.108624468950438e-15 3.108624468950438e-15 3.108624468950438e-15 3.108624468950438e-15 3.108624468950438e-15 3.108624468950438e-15 3.108624468950438e-15 3.108624468950438e-15 3.108624468950438e-15 3.108624468950438e-15 3.108624468950438e-15 3.108624468950438e-15 3.108624468950438e-15 3.108624468950438e-15 3.108624468950438e-15 3.108624468950438e-15 3.108624468950438e-15 3.108624468950438e-15 3.108624468950438e-15 3.108624468950438e-15 3.108624468950438e-15 3.108624468950438e-15 3.108624468950438e-15 3.108624468950438e-15 3.108624468950438e-15 3.108624468950438e-15 3.108624468950438e-15 3.108624468950438e-15 3.108624468950438e-15 3.108624468950438e-15 3.108624468950438e-15 3.108624468950438e-15 3.108624468950438e-15 3.108624468950438e-15 3.108624468950438e-15 3.108624468950438e-15 3.108624468950438e-15 3.108624468950438e-15 3.108624468950438e-15 3.108624468950438e-15 3.108624468950438e-15


# name: DatP
# type: matrix
# rows: 50
# columns: 10
 -1.267511194367416e-15 2.863609478634528e-16 1.033787679897469e-15 -2.14087341152793e-15 4.746155542004199e-16 -1.638694526123842e-15 -8.771355935909457e-16 8.674120072526165e-16 4.607268433292635e-16 1.12083625654037e-15
 -2.936429754378957e-16 -1.350020506078605e-15 5.737866325852497e-16 2.631935626839527e-17 3.473953509709608e-16 -8.510724678782627e-16 -6.120637969396179e-16 -1.148737777892888e-15 -1.147939569663337e-15 2.280263083683612e-15
 -8.187012933923009e-16 1.157422282923029e-15 -1.607440071764024e-15 4.668418132858352e-16 -3.109502321122729e-16 -9.339264638472971e-16 -1.878805061460639e-15 -3.173380676281315e-16 -1.286229390593164e-15 -1.096953996186507e-15
 1.013421788309594e-15 -1.037658795152103e-16 -1.251626431656097e-15 2.507007777707683e-15 3.464976125642048e-16 -1.353113328181101e-15 -1.660205811923241e-15 -1.162415849691076e-17 -7.728144325977122e-16 -1.300605210118721e-15
 1.204293671215581e-16 8.692716077642508e-16 -2.667404202751173e-16 -1.13278313976121e-15 5.191345441135317e-16 -1.866286529655631e-15 -1.904211615089532e-15 -4.481006320871005e-16 -5.328050187303017e-16 1.424206553023077e-15
 2.2699808475149e-15 1.620186774948178e-16 2.731479603071235e-16 2.85216752529688e-16 -8.349363176235868e-16 -1.404302210957363e-15 -3.196592996734847e-16 1.851334863473498e-15 -3.505567088366602e-16 2.092462482763388e-15
 -1.146044795534691e-15 1.037461121152519e-15 -1.004540106782392e-15 -1.038143391292307e-15 -7.033210643771378e-16 1.4491596569374e-15 -2.51363637502135e-17 9.509778543649539e-16 1.818858311234963e-15 1.719928827916191e-15
 1.224130186007162e-15 6.537556630202679e-16 -5.958190420703367e-16 1.965971887387653e-15 -5.188233266983176e-16 -4.452448618067896e-16 -1.616323642361597e-15 2.089551898605736e-15 -3.835403996022284e-16 -6.94246833473978e-16
 -3.195021138243748e-16 1.191152752355962e-15 -5.138024975722225e-16 -8.531072544285659e-16 -1.70263813628959e-15 -3.397403102960213e-16 1.69993638521875e-15 -6.765803660326301e-16 -7.890434390954125e-16 -1.405165844922975e-15
 -3.284500202127111e-16 -3.543851758147008e-16 -1.30884031568721e-16 7.83940773798146e-16 -6.665475529098217e-16 1.407661376358894e-15 -8.10943879164762e-16 -3.022342047274764e-16 6.058300902535531e-16 -2.068034688785746e-15
 -2.325746128008021e-15 7.354288668902773e-16 -2.211472163222228e-15 -1.022097477032872e-15 -3.350056473047926e-17 -1.572653435145973e-16 -1.820642089201773e-15 -6.206637780532471e-16 9.866219995964695e-16 1.553250877470655e-15
 3.001169103607245e-16 8.866895887562717e-16 1.346906291909696e-15 4.210832608438961e-18 2.364910041520031e-16 -6.534102258369247e-16 2.885495438090551e-15 6.095796565420338e-16 5.706303465248273e-16 1.923034806520234e-15
 -1.687569683551491e-16 8.445896045142323e-16 1.722584060244996e-15 -1.208983182918424e-15 -1.367252347214378e-15 1.506477374338509e-15 2.596476239200237e-16 -6.922309739386885e-16 1.528087827896285e-15 1.292369830794069e-15
 -1.660257982064572e-15 -6.001152435252469e-16 9.513242063364521e-16 -2.3601844939242e-16 2.878269351941854e-16 1.26831415620418e-15 -1.265971746376792e-15 5.020868074260457e-16 -1.158617571771102e-15 -2.209743105135766e-15
 -8.964219101066021e-16 1.1632752332245e-15 -1.19977379399333e-16 7.574777311902492e-16 1.088830537139615e-15 -6.649411667352805e-17 -1.75556566177099e-15 8.688585028077606e-16 1.068689066014609e-15 9.647071432386968e-16
 -3.59102829206966e-16 -1.648969975005685e-15 3.844783435478993e-17 -6.494001229188843e-16 -6.695400243768848e-16 -1.081532159485723e-15 1.14889121718797e-16 -2.21447450251362e-16 6.693711513924236e-16 -3.50188065804004e-15
 -2.587962411799733e-16 -4.765324165528615e-16 2.470210088467386e-15 -1.131095854081812e-15 1.146241499244731e-15 2.25486001795911e-16 5.706832808039205e-17 -2.614672354407384e-16 3.180049786252812e-16 -1.067320730907289e-15
 -5.767158679949415e-16 -3.049851762182506e-16 1.002870905562007e-15 -8.010378707237752e-16 3.130465188238213e-16 -1.734775873778048e-16 4.216969537454495e-16 -1.186615277977136e-15 -1.508763103203239e-15 -2.490274152979539e-15
 -1.706794362590524e-15 -8.230347103979896e-16 -2.773222745399743e-17 8.637152113567318e-16 -3.924387945980763e-16 4.42145397870553e-16 -4.374460436089108e-17 -6.5928651618518e-16 -1.348101703488239e-16 1.528318642226408e-16
 -1.861704002798062e-15 4.944911765845633e-16 -5.882375996765975e-16 -9.41267479512398e-16 1.547959080645514e-15 2.299325852427693e-17 1.13483996469603e-15 1.757506853695767e-16 -2.301862267194986e-15 2.002590082963037e-15
 1.281618014556081e-15 -1.681729374395596e-15 2.306696946397791e-15 5.953233347463128e-16 1.550536911440141e-15 -9.345567954802839e-16 -4.057147478878107e-16 -7.6457538880252e-16 -1.281801724260534e-15 -1.476829660860351e-15
 1.564633106800185e-15 6.535425065489535e-17 -1.973975132651612e-15 3.094704546206027e-17 5.072293107126437e-16 -1.903251124452083e-15 -7.402803647665277e-16 -5.728036501871233e-16 7.408735005737702e-16 -1.137977633413896e-16
 -1.943316513565942e-15 2.290970183537462e-15 -5.156689060562818e-16 -1.233130304934918e-15 7.549289962385876e-16 -8.044335989709267e-18 -7.521363992151417e-16 -1.034693405110564e-16 5.012861611021459e-16 -1.594958723604738e-15
 1.02317008938128e-15 -1.02145802055286e-15 -1.745298517721062e-15 1.698318031130305e-15 1.586112509424971e-15 2.552445354185843e-16 7.790047613495824e-16 -1.0622525793351e-15 2.115863377707634e-15 -5.015304490927488e-16
 7.240920941884166e-16 3.956065917940387e-16 -7.894496007428738e-16 6.5637367598366e-16 1.741585550829801e-15 -5.028245454335356e-16 -1.638770024173152e-15 2.463687130237719e-16 1.724796302628523e-15 -4.387906333469355e-16
 1.04743720602023e-15 3.579599889845628e-16 1.258805132727459e-15 -1.714070905800838e-15 2.095323498573965e-17 1.007713268022337e-15 -2.739575337499779e-15 -1.858509057229442e-16 1.362869105277353e-15 1.154951795860327e-15
 -2.340932402406034e-16 -1.430877421826029e-15 -2.026006870402147e-15 8.121163518782535e-16 3.591646631349536e-16 2.218414715158511e-16 1.086725204017306e-15 5.411900506733034e-16 -5.677268171278738e-16 2.626731868096954e-15
 3.740761284281937e-16 4.605016850375693e-16 -2.920310979901552e-16 8.034350637954376e-16 2.419774491842987e-15 -5.843075040409751e-17 4.784024728913497e-17 -8.90532098427527e-17 -6.33933432688764e-16 -6.416620948371187e-16
 1.246703163925496e-15 3.823173383008719e-16 5.943063872238875e-16 -1.021586783131269e-16 8.069719944894367e-16 -2.34824495817979e-15 -1.142728280017401e-15 -1.128300986550929e-15 -3.273350170922327e-16 6.543200058017341e-16
 -1.474607930850183e-16 -8.165100008451552e-16 2.363691434774634e-16 -2.153589140952857e-15 2.227670999776165e-15 -2.900546769026169e-16 1.322035580120401e-15 2.236173197401235e-15 7.45575893615723e-16 1.047353838904276e-15
 7.149900803826606e-16 -6.714805829413398e-16 -1.105795359696157e-15 -9.071222535756495e-16 2.283063389510686e-15 -2.118283541725774e-16 -1.050867196616142e-15 5.281688577178843e-16 1.293964895350541e-15 -1.499940405170516e-15
 1.26655315979852e-15 -8.257681086267003e-16 -1.170376511029961e-15 -1.602558303325309e-15 -7.241282065063113e-16 -4.190538373578726e-18 -8.790764126407885e-16 1.363957612305486e-15 -1.379962068794952e-15 -5.55163322149484e-17
 1.6110861585675e-16 1.20497275133056e-15 -4.448698015765088e-16 -2.063385884340935e-15 7.236874817365877e-17 -6.456494823337062e-16 -5.008817148540442e-16 2.71565860659187e-15 -9.417275619029799e-16 1.359377783126393e-15
 -1.375826671417594e-15 2.595800271279142e-15 -7.678666519553951e-17 -6.674303644401908e-16 -2.039710757708138e-15 -2.402826916024335e-16 7.756211872118078e-17 1.297304338706886e-16 4.866617136965724e-16 -2.019838803675781e-15
 2.216373703031203e-16 -2.017328461047369e-18 2.454382107318975e-15 -7.626141591544855e-17 9.475900711260499e-16 1.014028249179164e-15 8.28401651104341e-16 7.574752109759813e-16 -1.759565096333919e-15 2.003506763231268e-15
 1.541833156044485e-15 6.652438305136801e-16 1.24159346615733e-15 6.970670992123597e-16 6.407174027435972e-16 -2.055261407740279e-15 -1.749856573414122e-15 1.415979876864914e-15 -4.691215977276472e-16 -9.66179411316027e-16
 -1.32138975968702e-15 -1.697785633624363e-15 7.584270343429109e-16 1.174001537242943e-16 -1.870041184306808e-16 -2.907364752881907e-16 -5.292137147347745e-16 -1.06405398225574e-15 5.560397462232002e-16 4.303830378012451e-16
 -2.347786575516665e-16 -1.302223540032658e-15 -6.389313763928815e-17 -1.300213100337533e-15 1.561683734616576e-15 -1.149133165858749e-15 1.313055274935659e-15 3.074616738363972e-16 6.284221426194316e-16 -2.887920961119494e-15
 5.031070762089204e-16 -5.499811165777389e-17 3.344694760706592e-16 7.630655742334832e-16 9.027574979311087e-16 1.803510687626547e-15 -1.85734920653288e-15 4.215944180455074e-16 -1.509112278341703e-15 -1.308315892882515e-15
 -4.374961554044908e-16 -2.883700603306559e-16 2.991552689134343e-15 -6.32246767618295e-16 -2.148305926051482e-15 1.06894797967085e-15 5.994901360842885e-17 4.388639977735417e-16 -5.657553772602299e-16 6.781245062072077e-16
 -1.430529399822702e-15 1.27687710063164e-15 -3.211274953656679e-16 -1.962871589496826e-16 7.542860923568375e-16 -1.149807057470698e-16 -1.775895793707129e-15 4.943103241006644e-16 -2.626697830415814e-15 -2.927953346161608e-16
 -7.632828536706261e-17 1.809680740775986e-16 -5.989998009054416e-16 6.051957440800782e-16 -1.393657414339085e-15 1.530115163832361e-15 5.18621705275396e-16 -1.117789032591364e-15 -1.348973674177863e-16 -5.80590088511922e-16
 -1.677249909233975e-15 3.434982818521419e-16 8.475619199183189e-16 1.066986016842523e-15 -2.045277274938936e-15 -1.173766968057012e-15 3.218970339499369e-16 2.95036612550812e-16 4.291003472938166e-16 -1.746178341308837e-16
 -5.075246034923653e-16 1.129030083958995e-15 -8.718379080068554e-16 -2.95953634734083e-15 -2.8160073492395e-16 -9.253144158606019e-16 5.376186454445398e-16 -6.233652717201103e-16 -7.186284408531285e-17 1.355180791573745e-15
 -1.007433499232471e-16 -2.007991510198221e-15 1.115508283942695e-15 -1.001437303987316e-15 2.24562922564747e-15 6.727326522966809e-17 -1.680396537002045e-15 -2.015987226890855e-15 -5.167740679542288e-16 -5.704588056941426e-16
 -8.918990187697994e-16 -1.708860302148687e-15 1.735476175873001e-15 -4.749787861966736e-16 -2.417712192681812e-16 -2.480674128373066e-15 -2.004838674153284e-16 6.162705704773734e-16 1.024878672870312e-15 1.118671893520382e-15
 -1.213311561745527e-15 3.241755193624465e-16 1.680509008200172e-16 6.935804305563332e-16 2.298163990331387e-15 -9.193332794541371e-16 1.202507946340209e-15 1.061435341678608e-15 -2.86071159603732e-16 6.177425211457167e-17
 1.213509924046815e-15 5.262880392288107e-16 6.690237606544857e-16 1.124704064545582e-16 8.134676135584649e-17 2.316233216084852e-15 -1.247977512988161e-17 6.020298345703115e-16 -1.093439063645956e-15 6.990627215087468e-17
 -1.580967770721582e-15 1.792438551689375e-15 -1.294377792376664e-16 -2.239551170141046e-16 1.528435132042112e-16 -2.805413378396589e-16 2.714691989929815e-15 8.218225726349985e-16 2.196260973999223e-16 7.991502429472558e-16
 8.389759809194476e-16 1.487337478376352e-15 -2.102050705155023e-16 4.096272227853232e-16 -1.855644282525776e-15 -2.295416727415816e-15 1.457837040658133e-16 -3.709857751584758e-16 1.616141559414299e-15 1.010949368316262e-15


# name: DatT
# type: matrix
# rows: 1
# columns: 50
 17.51626801490784 17.35910701751709 17.43150591850281 17.45550107955933 17.43110084533691 17.52843904495239 17.44851112365723 17.51165103912354 17.44398784637451 17.43539905548096 17.48724794387817 17.45092916488647 17.45677495002747 17.46753311157227 17.42660903930664 17.49646091461182 17.36170196533203 17.37339806556702 17.43544602394104 17.18418788909912 17.03212094306946 17.04097199440002 17.04710912704468 17.06913208961487 17.01116394996643 17.44705605506897 17.45618319511414 17.5281229019165 17.51048517227173 17.46138191223145 17.48555994033813 17.50346398353577 17.45815205574036 17.4919102191925 17.44801998138428 17.51223707199097 17.52616405487061 17.48255681991577 17.5314838886261 17.42521715164185 17.4614531993866 17.42174410820007 17.44127917289734 17.43042898178101 17.45460319519043 17.52500200271606 17.46306300163269 17.42272281646729 17.39867091178894 17.46729493141174


