# Created by Octave 4.2.2, Tue Mar 19 18:19:02 2019 -05 <ubuntu@algoritmosb>
# name: DatK
# type: matrix
# rows: 1
# columns: 50
 2000 2000 2000 2000 2000 2000 2000 2000 2000 2000 2000 2000 2000 2000 2000 2000 2000 2000 2000 2000 2000 2000 2000 2000 2000 2000 2000 2000 2000 2000 2000 2000 2000 2000 2000 2000 2000 2000 2000 2000 2000 2000 2000 2000 2000 2000 2000 2000 2000 2000


# name: DatF
# type: matrix
# rows: 1
# columns: 50
 0.1335760577616831 0.1197175656508501 0.08862479762039177 0.09838384046251336 0.2822992680693891 0.2535112626299858 0.03689428135737394 0.1497584362385104 0 0.4191522516772475 0.06885625096019854 0.2355880799060794 0.01986275559825268 0.09842804424707474 0.2929348810666015 0.4311869124080416 0.2795180579886143 0.1361900823349003 0.03447470130394381 0.06393848135535074 0.1181032916720544 0.03694578221382394 0.109503699306689 0.02951046850068706 0.08611436245632353 0.1348171266734288 0.04915885073586179 0.2881197514326241 0.270936755149072 0.3140305879520573 0.01231607251926148 0.02215614366871532 0.5454131462209015 0.137805522145638 0.1279753060521186 0.2203831995042881 0.06641940094002829 0.04671477096458776 0.1101658090401338 0.127911346716334 0.06889306549981045 0.3617164895219709 0.1394116119430944 0.1033353443559288 0.2750672813563962 0.2156565575923248 0.2178388753417396 0.06068608977447887 0.103289159103808 0.06400235978305391


# name: DatP
# type: matrix
# rows: 50
# columns: 10
 -3.27666314995241 4.438084166731728 5.091889792648342 -6.269627123652047 0.3181320795783785 7.670418320954049 -5.996112915636361e-09 -8.847501836213306 7.109658287098941e-09 -0.8681347099548419
 3.190360277006559 -0.1959044598087161 5.371453194772984 12.54045245725184 0.4030548866692119 7.78721394280178e-09 -8.058274369131693 0.04694261520281628 9.381154156420893 1.220784818711178e-08
 -9.420067012705168 8.876887326814863 5.433246647901186 -4.953592817908029e-09 4.283497892503248e-09 7.350231527247725e-09 -8.282878143390512 -1.938876233932082e-09 -9.382550755355323 -1.159606475792569e-08
 -6.280044326702509 -6.82810853841729e-09 5.433245736403012 -6.270640301367561 -7.007291408318527 -7.672275675044414 1.75456391821059e-08 -8.850355286784287 4.035333650896167e-09 9.885151166923665
 2.625046769706771 4.617247847331985 5.911489308281336 -0.08331206131407765 7.241665820803382 -7.411672062126593e-09 1.526978586719252e-08 8.840665632843876 -8.457581087923108 -6.421288904025755e-09
 -3.139626184272327 3.808177908459248 -5.431192872024948 6.267483289230761 -5.979121872565123 4.30427647932025e-09 1.334872355304718e-08 -8.841467271889037 0.3607141782228727 1.733565065091772e-08
 -3.140022455676579 -4.438443987187072 -5.433247341039317 2.092645888038783e-08 1.983108675267656e-08 4.889052311372301e-09 -1.186432877641581e-08 -7.965906214140818e-09 9.382554330722444 6.665281021286146e-09
 0.3237860151691239 -4.204490635787757e-09 -5.150588233185049 -1.336920946986192e-08 0.6496479142360473 1.683967699677479e-08 -1.466464809760174e-08 0.07556863507822853 -8.808712582959533 -7.928841992244795e-09
 4.483865779732015e-09 -7.372635913396206e-09 1.519077924985268e-09 -4.708166735719638e-09 -2.080342674246126e-08 -1.296116251026325e-09 -2.317503895353796e-09 -1.168101320912081e-08 -2.143706695829746e-08 2.204390270350246e-08
 6.678045810886213 -5.103590943095228 -5.872231137914231 -6.692978749931683 14.00149807494738 1.184425770934679e-09 -8.193794167378469 8.837157548580798 -9.624192440714843 1.163113185089829
 -6.280044567449514 -4.438443486998745 -1.178210362764766e-08 -6.27064129359012 -6.9710387287322e-09 2.622354579479414e-09 -6.959580374643375e-09 -8.850358139266721 2.52607491006754e-08 9.885155140013831
 -15.6993729775146 -4.438026086118071 -5.650138367219562 6.269463234323163 -6.759284759090366 -7.757562896788342 -9.195482801624205 8.341793365768048 -6.673514948611318e-09 7.86856902189707e-09
 -3.140006773456755 -0.2001227563068185 -5.433166023161839 7.320530175010783e-09 -1.209570031340467e-08 3.949186502552676e-09 1.830037164157651e-08 2.64544981652611e-08 -4.471629597351677e-10 -9.818105164365006e-09
 6.2800444520567 4.438443326814291 10.86649257351974 -1.219043543718265e-08 -7.007292187035374 -4.116200391814134e-10 8.282876236675405 1.049994112224222e-08 -2.832189444536355e-08 -9.885153322984481
 -3.139658848782257 4.920119782851987 5.650455911945787 -6.536662727971025 6.319541316885601 -0.3970358543279933 9.191268126232137 0.4839274053316458 9.37282624419286 9.87378036487025
 -2.62198447552252 4.436146264938735 0.2029343265443314 12.74281804408731 0.447518715075626 0.4366770960136683 -8.267932067932785 -1.276234053687741e-08 -1.95333520841951 9.859737332176563
 0.04474203850711689 -9.4056398577354 0.5712855055969889 6.187780355747588 -0.5589636352869274 -9.827867479000202e-09 0.6426953390297392 7.856680866231182 0.3864309444600826 -2.443303319342487e-08
 3.139908837982879 -0.5198764510365682 5.379135759962983 -6.269736592022878 -7.006029784347028 -7.670618988423672 6.648937421162947e-09 8.509806097487587e-09 -9.379512400358697 -1.0924146237438e-09
 6.280045083227575 1.117893723580425e-08 1.330682456602162e-08 6.270643327340768 8.786778173754577e-09 -7.672281231129247 -6.065162331651787e-09 -1.014506497042315e-08 -2.178136179855069e-08 5.305885829196337e-10
 1.391130703401366e-08 -2.343370499631607e-09 1.612220127473571e-08 -2.033545256851171e-09 7.007293120859415 7.672277898745665 -8.282877803925256 8.850358742576327 -2.325536479250197e-08 -4.98604274429463e-10
 3.14002212451447 8.876886163808859 5.988782848582803e-09 -12.54128107333919 7.007291069039693 1.644722443618448e-08 -2.526263766663195e-08 -8.850354576962165 -5.034441745200297e-09 9.885150190294988
 -3.14002254270323 8.876888524913408 1.316464824711836e-09 4.659432285857682e-09 -1.90531834741056e-08 7.672281319312909 1.167038169305747e-08 -6.602877447861388e-09 -1.138303687415125e-08 -3.931384751267199e-09
 6.279892014554095 0.3765571045565053 5.432850840229719 5.9801167625614 0.0342230842647977 -8.32551931705412e-10 -8.281473336337417 8.848644637100859 2.054229015305637e-09 4.659191078266877e-09
 -7.919259536648323e-09 2.309358059194958e-09 -1.107092125276384e-08 6.270642960211141 1.738186300343415e-08 -1.615256823136402e-08 -8.9977283342958e-09 8.850362799208289 -2.019622565526327e-09 -9.52740075609881e-09
 -6.280044525060556 -4.438443435054869 -5.433246299226521 6.270641128246584 -1.416036800632589e-08 7.672277214706056 -8.282876900079644 -7.844330846538869e-09 -9.382548980209949 -2.75777340099427e-08
 3.139920677987675 -8.87631289906585 -0.111607118823045 -1.820168198682044e-08 -7.006161549936538 -7.670792012109783 0.229413868210993 0.9086507473759085 0.2797590433954946 9.881972460832396
 -3.140022354403808 4.438443670526571 -1.014736321359205e-08 3.145720083700111e-09 1.146216281652888e-08 -1.738465426085386e-08 -8.282878503091865 9.913218857627911e-09 -2.342250891768745e-08 9.885157195060872
 12.89292103852795 4.437833627570045 5.800271538702077 1.874472175756178e-08 7.004889984379602 0.7473826759332064 -0.2369163261888392 -17.69103853878484 9.264835239511122 2.443079114010423e-08
 -6.164157051356244 4.437184630126676 -4.317517366254378 6.267088961163108 1.305565853914198e-08 -3.470987783549965e-09 -6.710884736590325e-09 -0.3942191607362549 9.094451836779388 -2.423847046650897e-08
 -3.139420025592613 -0.1998556825800306 -0.2298663372171383 -5.541401682657409 -6.873861898199603 7.413834512109951 1.583766313391304 -0.1022984615372849 -4.961999221923598e-09 -0.8343003660324557
 3.140022609658072 1.441558412633015e-09 4.754682404265052e-09 -6.270643917904519 -2.056044490105084e-08 -1.07998873641904e-08 -2.477300275258509e-10 -1.373962163101257e-08 -3.193275203521802e-09 7.30724650029277e-09
 8.773123834334333e-09 -8.93926162551818e-09 9.675552806132929e-09 -6.270643549802196 7.00729597273801 -4.246655873639418e-09 -1.828882911966603e-08 -3.008242331694219e-09 -9.764514447816346e-09 -1.098955681650659e-08
 -3.128549705880515 -5.387113560566911 5.006851404264959 -6.278456341304144 -0.7011970493655855 -0.1860902125434833 -0.5443944132903928 9.688084713650898 -1.273484305733812 11.56091291079031
 -3.140022076066621 -8.876885853809188 5.433245285737503 12.54128013800162 7.007290420663697 7.672274370097047 8.282873307604639 -1.614572625869494e-08 1.098361113519455e-08 -9.885148372056998
 -9.420066410776984 4.438443051493474 10.86649156523348 1.248798058402497e-09 -7.007291099165158 2.115996727588297e-09 -8.282874453468741 -8.85035467170081 9.382545401730075 1.166020301958763e-08
 9.559767176122197 -0.05851946142709874 5.432464620870025 -6.269438937450961 6.423691994847546 -8.379910326143994 -1.497982651917595e-08 -8.846971978911711 9.37851343214038 9.601562741184026
 3.14002233347047 -4.438443628160201 -5.433246654268181 1.296436954923819e-08 -1.441220391502842e-08 7.672278218025547 -8.282878194661684 8.850359208583329 -2.486686361292976e-09 1.011017230342688e-09
 3.140022387635322 7.700476066828409e-09 5.433246942265206 3.786847509137696e-09 7.007293968309932 1.587578259904591e-09 -1.499920407352775e-08 9.840926848815999e-09 1.590529134663423e-08 9.885158323016057
 12.52596436067035 4.438348473413003 10.95761629531663 -1.566526289248866e-08 -2.276182492995272e-08 7.671785884591713 -5.068353653548574e-09 0.4398619650416657 -1.17402635737895e-08 -0.386413125691627
 3.140022025558027 4.228457705462684e-10 5.67418899674207e-09 -12.54127953600458 7.007289998882205 -7.672273799108373 -8.282872622020079 8.850352406070021 -9.382542723168003 -8.150260020162256e-11
 -9.420067049781112 -4.438443639407053 7.557751035024231e-10 7.323876569441578e-09 1.228699300186467e-08 4.493359452080284e-09 8.955177868995507e-09 8.850359421823628 9.382551092202801 3.006094684870695e-08
 1.408423451370691e-09 8.496763598683057 -10.37624459872901 -12.38773033008711 -0.1489602901550516 -1.438576715151118e-09 0.1143744219515005 -9.97381411358695 -1.252089418459592 -9.554159420703314
 6.262452373309763 -8.876175232589503 -0.2587397631320423 3.537466678844293e-09 -6.904270516367291 -1.123196276412636e-08 -0.9099990935950562 1.817915542840132e-08 -5.528200232302904e-09 -9.645391533000401
 5.231481965488545e-10 -8.876357962267255 5.432760883049016 -6.066687155056005e-09 7.206344135650096e-09 -0.826594171624901 1.31019470252363e-09 -8.84825498474782 -1.141085787777269e-08 7.855054459425218e-09
 9.513154896477037 -0.1603170650473862 16.7000359179964 -11.95169146405939 -14.01080789364661 1.487215168541993e-08 -7.573317086739694e-09 1.719540508065752e-08 -0.6088148119068677 -2.823064394860587e-08
 0.1645889779821808 0.2727088820870724 -5.432018042522818 -6.179621615649898 -0.1510704845675752 -7.352429820212172 -8.278518305971865 7.67338038731366 9.376208902825827 1.68864788166084e-08
 2.833966126059102 0.1335208934180712 -5.444781552116313 -12.26272365949177 -6.213236247500121 7.920884625177732 -0.3602944145338306 -0.23910311516162 0.0003064766847034051 -0.411946745974612
 3.212971329115142 -4.742570458207501e-10 5.433112620493674 -1.623048317051581e-08 -7.00700554954267 4.110045773140157e-09 0.4391492250822502 5.74694824375126e-09 9.381858692999602 7.917991700603942e-09
 -6.280044225061307 2.074393552979079e-09 5.433245511633952 6.270639934996839 -1.162709645003225e-08 -7.672274976256558 -8.282874112639385 8.850354247259636 -4.480726928436467e-09 9.885149734424127
 -3.140022409069058 -8.876887780579892 6.632074669373384e-09 6.27064230460533 -7.007294231514082 -4.881988344985658e-09 -1.482614895599162e-08 8.850360984118659 1.711993869558624e-08 2.011109667865222e-08


# name: DatT
# type: matrix
# rows: 1
# columns: 50
 16.37861895561218 16.38139200210571 16.52156805992126 16.44580507278442 17.2326180934906 16.6575300693512 16.46313190460205 17.13249111175537 16.76950788497925 17.58232593536377 16.45823407173157 16.35768103599548 16.47506093978882 16.52239394187927 17.09362292289734 16.3038969039917 16.92469310760498 16.75241303443909 16.46929383277893 16.47217702865601 16.45304107666016 16.47273802757263 16.683109998703 16.52668499946594 16.47888398170471 16.38830304145813 16.46963787078857 16.66246008872986 17.13996195793152 17.6943211555481 16.5278799533844 16.60158705711365 21.20495295524597 16.46748995780945 16.85424304008484 16.85174918174744 16.85118889808655 16.87796115875244 16.98251986503601 16.84958410263062 16.8351891040802 19.55993604660034 17.14730906486511 16.80836606025696 17.42703700065613 16.44093894958496 16.10392904281616 16.42380404472351 16.44091296195984 16.44953894615173


