# Created by Octave 4.2.2, Tue Mar 19 18:41:08 2019 -05 <ubuntu@algoritmosb>
# name: DatK
# type: matrix
# rows: 1
# columns: 50
 2000 2000 2000 2000 2000 2000 2000 2000 2000 2000 2000 2000 2000 2000 2000 2000 2000 2000 2000 2000 2000 2000 2000 2000 2000 2000 2000 2000 2000 2000 2000 2000 2000 2000 2000 2000 2000 2000 2000 2000 2000 2000 2000 2000 2000 2000 2000 2000 2000 2000


# name: DatF
# type: matrix
# rows: 1
# columns: 50
 19.51181775029645 40.21117770643105 26.8941234628393 27.19010821446695 17.31748779060041 30.48586766503203 19.73950380864406 18.15593070085066 19.49732802848106 23.42222932006677 33.66137816994939 15.37335936040761 20.6421818353652 23.62482251830466 23.07860747943636 22.32085510874009 10.64608345575219 36.28703146522933 7.586414970732294 44.42078263475442 27.07253820763321 27.48697687748263 24.62047382527848 41.7753662250853 32.66767053820317 52.78606835175437 26.25433275360464 40.16471330296467 17.37702414264592 12.00292938798629 31.95104582788235 41.10488094672302 55.30656418206593 11.88055467091647 34.10545535910725 27.52486101492493 39.72752957055675 23.03276321778345 33.62852346161331 44.24317159516388 89.49530440213454 44.32277603638872 22.6484434136467 23.85632876479017 12.01882747194734 61.31561531537233 41.17980531363434 24.0467682096732 56.98188520320096 14.12233592970466


# name: DatP
# type: matrix
# rows: 50
# columns: 10
 -1.959268185553294 -0.01068389905409685 0.02206128802840098 -1.136392509254117 -1.040401305870154 0.9359667424319702 0.881966296646455 -1.090982661565857 -0.02156736541443876 -1.021084386089373
 0.993999903824176 -2.056247401119935 0.06787230792658039 0.840029417143445 -1.023562833128564 1.9879736329488 0.0143799721464114 -0.111007481504138 -0.6221991820656133 0.1265895596395264
 0.9083713643326361 -0.03124925237254581 1.849217529399906 0.9716845620419128 -1.108567284202757 1.954637377011053 -1.066185294350376 -0.9906689919084842 1.017745543497347 0.872458099193876
 1.92223176980257 -0.8424852199510338 -0.05489850525555079 1.05690909594261 -0.1195470680772587 -0.9505672011111753 2.012896477311533 -0.09578589585963498 2.043384039337989 -0.03767565948477513
 0.007733717591084114 0.984226553966972 -0.9928886408441462 -0.02195317536151697 -0.9885573026890631 0.05899036371732769 -0.9708111844105919 -1.91438882418123 1.10122293214889 0.150217426177855
 -0.14524916278179 0.9793926716797801 -1.141304801026676 1.120052807378907 -0.1333192602963003 1.172637716788977 0.9949586377352134 0.9949586376967303 0.008822534210642441 0.8561891162957964
 0.04536163888088243 -0.9536964449472828 -1.979312974895625 -0.1771319867279876 0.10389730887174 -0.9973567479645162 0.9717380231174362 1.059637041600255 1.078608168256167 -0.01606453504502216
 0.0004943918235752082 -0.1016455965218718 0.9689618494819884 0.9726165202296151 0.9973284313380402 -1.965241483847885 0.9603819054131306 -0.9677899340991984 -0.9998567151401527 -0.1749102197575825
 -0.2612284380891932 0.0668387444035948 -0.9692260452609008 -1.023205953997878 0.002072035691284527 -1.041380740223101 0.01129176985969333 -0.08555602093414329 0.08994275222520313 -1.022438447119093
 0.9846734582322362 -0.1041663537965326 -1.119906814606374 -1.995819074858783 -0.03206822915679493 0.925371009898201 -0.0952508784464601 -0.9055165597293284 0.0973903111334085 0.1499213461251059
 -1.003666558135506 -1.976406920974892 -1.005202215708583 1.920235531032243 0.03705188255713542 -2.992842643105888 -0.8492853913289643 -0.8878661632803975 -2.011379293447679 0.952826631198056
 -0.968958485980279 -0.06939129742965824 0.9689744871447415 0.001069697039349299 2.023052651732312 -0.8978922079572165 -1.013888416828499 -0.8839006826712513 -0.04563223100564986 0.0439970382480258
 0.9474494900134754 -1.924772745729454 2.010258414059104 -1.069717733938505 -0.04884123989418764 0.9782628162484365 -1.992571537390734 0.9484440918801795 0.05757217874761261 0.05895438311930307
 -0.07236783132034935 -0.9974984583461781 0.9762682061059683 0.06457209341430728 0.02782760937163115 -0.7463191571550235 1.928696932540279 -1.02096854420634 1.051695069136708 1.03556232485327
 2.966884241320999 -0.9537929083798795 0.03035526244163435 -1.983006142990227 0.1740453008748629 0.06666913964001543 -0.01392457822879997 0.9793475461605328 0.02999629612943888 -0.9941860869528265
 -1.01807126769041 -0.114385573426453 -0.004723623733386764 0.005385412409479338 0.9480223906169016 -1.88586401268351 -0.05566824869711001 -0.1911918006174901 0.9487118794778829 1.092295184076294
 -0.1604151516207425 0.02722607752810396 0.9624748906862312 0.03836972933332381 0.01536463951330808 -0.9917224622830055 0.03240946734470872 -0.9415007370456362 1.044274567946248 -0.01335231390972061
 -0.8473391419085461 0.06977219813730944 0.1575467603197591 0.002907576347593913 1.040996184932581 -0.3042723248659467 1.092137078455009 -0.06103503686589923 0.8847912277079142 -1.962438359941634
 0.00433183566972675 -0.9721029596698311 -1.000788937695227 -0.03773172032281553 0.09342967344469601 0.9914062744134944 -0.02138903290294234 -0.9937923919054129 -0.9946982041683666 0.04729299616194979
 0.926945418741595 -0.8284357857882807 1.874168511657716 -0.1177357795991099 -0.9520204272198616 -0.9576259871374848 -1.003824498188747 0.1505556998472957 -0.147658101200847 0.3429115951932805
 -1.01367045739153 -1.02317471959331 1.966709023565388 -0.9996401038626942 1.016714399533551 2.018038716323121 0.04013331100309456 2.961531288585104 -1.962539345846003 -0.980169162412006
 -1.065490161065833 0.1062629690095566 -0.1520421675061686 1.930073454282667 -1.122279166696263 0.009792425354284491 -1.967672396973606 0.9877591590014668 -0.02214269525824659 -0.8435451589044697
 1.957768884277603 -0.9474476903691927 0.9910974412408098 -0.9838715241831584 0.005098585739042693 0.01540084590798406 1.024689729786286 0.1372824752673414 0.2311966399117719 0.8827700040500516
 -1.009172312665026 0.08191715045002906 0.860693590765597 1.973270634705194 -1.997894782517767 1.952852727576085 1.981843229526848 0.797381066572311 -1.860627994744519 2.011961877858058
 2.04922933839976 -0.06852651174603304 -0.005423473948462546 -0.05577509565213887 -0.05496529756131328 1.311551450655016 0.9988500150114848 0.889255315341028 0.01904739892790687 1.881430727091019
 1.641215114245984 -1.127797505382268 -0.8445904677292955 0.01331717726894532 3.565651031827446e-09 1.959283201400527 0.2034663567691306 -0.1029378693022212 0.9949586378231406 -3.056059713785578
 -1.07894292525991 1.939976187778492 -0.8139143789329936 0.06693202533467657 1.966606504045214 -2.019420035566142 0.9256821616187494 -0.09169275825873702 -2.303568140930885e-10 1.987359798100145e-09
 0.04144961745245403 1.974762966351026 -0.9111774843435168 0.03597010871264236 -1.91854864347732 0.405630451186229 2.042223487183227 0.1030656048158133 0.975043717756377 -0.9177295484813822
 -0.001574988702434654 0.01346141540608669 -1.997782596878088 -0.9861509020445968 -0.983895063715694 -1.985305308696426 -0.951720030631361 -1.990547703304869 -0.9962680389677117 -0.9914797244001153
 -1.995627890694207 1.039279594765129 0.0257874113512547 -0.9928118190339904 0.01432963492242694 -0.008569590850704491 0.1302879004854194 -0.9579158532352141 0.0517114515043245 -0.04912305799562675
 -0.8974729246382199 0.1024686048734223 -1.019489278312803 2.013529170167252 1.975327803558802 0.08502639540674702 -0.8331795334148361 0.7944905961371882 -0.04037377645285559 0.9033037385466997
 -2.066586323804638 1.150278922125454 -0.03234743293343174 -0.9287112092043732 1.202786889978184 2.99901755784942 -0.1207274253491632 2.085567274666607 1.009018197504799 -0.9502462500563856
 1.03013468145494e-09 0.7575226621620421 0.8864247465777306 1.952725661735605 1.41408509230318 3.120580715973848 0.04285185129450686 -0.08915188521527861 0.9949586392786691 1.058326372707256
 0.9711334440765225 -0.02412937604334498 0.997290026627012 -0.02398732915183767 1.042544161193003 -0.08002046166969777 -0.1431683102959165 -0.9958498409715405 -0.9755090858588154 0.9976074950176469
 1.983520160951788 2.053406907426029 -1.946968600983114 0.000311836423188842 -0.03867655448983037 -0.2390890581688212 -1.942610590742823 0.04881538431046285 0.9788539610913375 1.903591982872916
 5.616385290942208e-05 -0.995155683338079 -1.873189135993402 -0.9950082567295169 1.783451650207719 -0.9952109609570898 0.848127731163705 0.9947854418132864 -3.101819721306075e-05 -0.9950634488568263
 -0.181700502449397 2.033007449041641 1.946705248633316 -0.1401683442174182 -1.008926160009948 1.045547247885932 -0.2188735509095265 1.000628183724423 1.913179574579772 -2.052757398773912
 0.07843737434422443 -1.988163153250224 -0.007373580683000482 -1.989390175589164 -0.0348639002634003 0.05300420989522531 -0.9981849838587472 1.999094061685317 1.993413424561582 -1.965504477335516
 2.134502229127859 1.055620365046394 -0.03125107442316988 -0.003857529022136858 3.026940664839856 -0.02052638363912718 0.9721376772513375 -2.040703231061534 1.984941408150326 0.1630847300036078
 -1.002093168779032 0.02165983322337467 0.1140000642544462 -2.0335803756195 3.959558682887492 -3.007037417070975 -3.002642043234932 0.999649839365349 -0.03449264489698408 0.9850132970420431
 0.5715659303298061 0.01692992976199514 -1.752686632252802 1.92805992725772 2.177625890111301 2.160962168982516 -2.2763775755899 -0.8498291161730404 0.8956301079389299 2.140041014484342
 -1.025071246872074 -0.8652488800168878 -0.1315548011753482 0.05624427294815981 -1.595121800849846 0.1769330061268238 0.8820746984772482 0.03339156318694714 -1.12369523170048 -0.9949586386907011
 -0.9792886337951826 -1.003517078376721 -0.9913599862840894 -0.8901554831530779 -0.09793038627130611 -0.946483263183503 1.993007184362736 -0.147780425188582 -1.971360999528698 -0.9663848353491418
 1.061111938252275 -0.9644125991230852 -0.8379356212173661 -0.07893204152929621 -0.02674771471609104 -1.949264840342941 0.9535938908163318 1.972199258566409 1.949199784070279 0.01339753362802131
 1.027834254782911 -0.001778434077547357 -0.02868827522944951 1.04204162845892 1.054921922175875 1.051135984225354 -0.0172714589717684 -1.004830221811276 0.06255026346597681 -1.970402062762808
 3.880091450312505e-09 -0.2108386722196951 1.872896272967575 2.705535628593471 -2.06309394388566 1.136455640243817 1.704653432896222 2.316812534210457e-10 0.04801095364645747 -1.02284109582041
 -0.9755845267675332 -0.9903127748583205 -2.023345635485335 -0.005198456361856896 -0.01926684753096231 0.129166472949935 -1.04348158155778 2.168456870868658 0.3073212202317166 0.8127424216495837
 0.9943281254323378 1.0322533408828 0.07837705791817871 1.990426889350213 -0.950653518956963 0.8678211920612244 0.8682123296342672 1.035090319268929 2.034749246847094 -1.047380980272222
 0.2149645390875238 0.1168496467657089 1.774863844849629 1.176018069031353 0.9845803703155627 -1.072495938829475 1.980340114933611 0.7487575564649157 1.10912418669656 1.172959414413254
 -1.032541282879082 -0.9906296165722536 -2.010346096054244 0.9612819368638257 -0.0546916121770346 0.02347376398809175 -0.9172656289139689 -0.9054131665724086 1.02128695626359 0.01459440655776416


# name: DatT
# type: matrix
# rows: 1
# columns: 50
 5.861259937286377 7.532539129257202 5.864950180053711 5.883376121520996 5.831355094909668 6.336191177368164 5.839927911758423 5.870835065841675 5.843132972717285 5.850418090820312 5.902297019958496 5.797853946685791 5.892535924911499 5.864083051681519 5.883695125579834 5.85034704208374 5.896334886550903 5.899563074111938 5.848337888717651 7.738813877105713 5.859174013137817 5.901555061340332 5.891118049621582 5.853085994720459 5.888514041900635 6.460719108581543 6.584810972213745 5.84381890296936 5.849614143371582 5.837229013442993 5.860655069351196 5.847368955612183 6.513000011444092 5.831938028335571 5.842509984970093 5.89267897605896 5.802771091461182 5.909842967987061 5.90241003036499 5.894962072372437 7.839753150939941 6.904458045959473 5.873291969299316 5.85399603843689 5.797785997390747 6.64101505279541 7.786412000656128 5.84485387802124 5.80414891242981 5.877522945404053


