# Created by Octave 4.2.2, Tue Mar 19 18:53:58 2019 -05 <ubuntu@algoritmosb>
# name: DatK
# type: matrix
# rows: 1
# columns: 50
 2000 2000 2000 2000 2000 2000 2000 2000 2000 2000 2000 2000 2000 2000 2000 2000 2000 2000 2000 2000 2000 2000 2000 2000 2000 2000 2000 2000 2000 2000 2000 2000 2000 2000 2000 2000 2000 2000 2000 2000 2000 2000 2000 2000 2000 2000 2000 2000 2000 2000


# name: DatF
# type: matrix
# rows: 1
# columns: 50
 2.517527174207192e-05 3.043552077698444e-05 1.168975799251283e-05 7.963127941388325e-06 1.23414254371143e-05 2.564861665005753e-05 1.305224259628074e-05 3.248407494829611e-05 4.060583050167635e-05 7.506038164267388e-06 2.967543511294607e-05 1.304703350319886e-05 3.484797092625972e-05 5.763989974604359e-05 4.740784610205508e-05 0.0001545881566795321 8.723088479221116e-06 1.486042846402981e-05 2.293752753145591e-05 2.027005320135478e-05 4.460378439054584e-05 6.211046880257112e-05 4.781551970269829e-05 0.0001016371257755368 3.291607689108556e-05 9.378889047185203e-06 3.5855826701107e-05 2.277799113773986e-05 4.33971941080886e-05 1.665356861665923e-05 0.000232350935506325 3.966743919792348e-05 2.541035278684927e-05 6.256329442919417e-06 3.820818778407628e-05 2.782004287605207e-06 1.60033471668882e-05 3.473308687744074e-05 1.488264956942883e-05 2.339290103220425e-05 4.26916590931016e-05 0.0001867407835250652 0.000162418106959961 8.723665498646976e-06 3.769140464390367e-05 2.101603624416374e-05 5.808007841660924e-05 3.61483942337107e-05 4.777643278084839e-05 1.84872227437302e-05


# name: DatP
# type: matrix
# rows: 50
# columns: 10
 1.767494376577015e-12 4.743388185520073e-12 -3.358306831417218e-12 3.660419088039684e-12 2.846417733509967e-12 3.479301224918153e-14 -2.144521156038214e-12 1.086130751760858e-11 6.388955089559977e-12 1.530117139351763e-11
 -5.38742661415359e-12 3.41318139405553e-12 1.504100227078753e-11 -8.852192052547669e-12 9.159640161273326e-12 -7.473837523183753e-12 -3.530596862318047e-12 -6.459997182804703e-13 3.927317252897845e-12 -1.022677288652058e-11
 1.333322125805103e-12 -1.86480111864303e-12 -9.526814610046675e-13 -2.947608975201095e-13 -4.492601563386706e-13 7.382968496497613e-13 5.5266526067257e-13 1.427542184021858e-13 2.604346466471395e-12 3.945714957889452e-12
 -4.01124750646669e-12 -6.576515026801926e-13 2.812544952535755e-13 4.665936690005596e-14 -2.670335205846177e-13 4.428537389034325e-13 5.386568762982816e-14 5.44108953789769e-13 -5.08496630571128e-13 -2.398152097388397e-13
 2.279829685796165e-12 1.309914344256317e-12 -4.125745982590754e-13 1.678653904032371e-12 -1.501726322457622e-12 -1.329524280511873e-13 1.213153087214921e-13 1.316190246567897e-12 -9.618626098253133e-13 4.084065702621666e-12
 -1.232629753357468e-12 4.975185125578888e-12 4.698805349659454e-13 -2.851835441210738e-12 -4.461675349116819e-12 -3.599167071258468e-12 -3.93032348288297e-12 7.431926727977138e-12 5.407194006385294e-12 1.902784516878398e-11
 -1.131703106162006e-12 -1.348420444126343e-12 -2.904638278182468e-12 -1.870536647763127e-12 1.705146662089744e-12 -1.149205276913743e-12 8.412909455920867e-13 1.850868814277748e-13 -8.210215719229309e-13 -1.675113549820836e-12
 -5.703085878717017e-12 1.14079284081454e-11 2.01386597742119e-11 2.267992216824211e-12 -9.245354873441813e-13 -1.802172010323066e-11 2.044492923031292e-12 5.650682139498973e-13 5.32556633906208e-12 4.08775719411725e-12
 -6.022245506882644e-11 2.922647900950956e-11 -3.354581532783619e-11 5.92820515975803e-12 -9.730600096077092e-13 7.401500820135233e-13 -3.302266250981287e-13 -9.89693065601965e-13 -6.192100177093623e-12 -4.364065986630551e-11
 7.903986763631649e-13 2.06442971915666e-13 9.797640295128104e-14 -3.25156984718416e-13 3.348465777975435e-13 -1.261763195195767e-13 3.338779864665589e-13 -2.422140310577045e-13 -9.594019870039604e-14 4.885864393475885e-12
 -3.104363105873546e-11 -3.264160146116937e-12 1.28776173249042e-12 1.234734084934069e-12 3.78416804883635e-12 -1.178826033738318e-12 -6.202784732619813e-12 -4.489651698491124e-12 1.369264180941752e-11 -2.076898959986029e-11
 3.480158368492341e-12 -1.030741551623267e-12 1.348494882623422e-12 -5.912102313155623e-13 -1.267456767869489e-12 -8.817019521964073e-13 5.148810280921325e-13 1.323271529009504e-13 -3.16300299508982e-12 2.58226905471683e-12
 -2.679714134948721e-11 -2.58272508583687e-11 -1.014615670175608e-11 -6.597216133347189e-12 5.244216437326917e-13 -8.817281751810952e-13 2.481074393091973e-12 -1.767412657254787e-12 -2.15671310794504e-11 -2.384025692837278e-12
 -6.433334676879861e-11 2.401345686504602e-11 -1.303645819898948e-11 -1.508023251773476e-12 -4.757118471209179e-11 -4.082327917651431e-11 -1.726836097526348e-11 -1.908190584102143e-12 4.723286948147461e-12 2.137782361116994e-11
 3.870488216290546e-12 3.197478659115465e-12 3.250610056773747e-12 -3.553394768398004e-11 1.725346597787931e-11 -9.627362203699422e-12 -3.19781600697146e-11 1.127782013808014e-11 -1.707611738911638e-11 -1.022581146188599e-11
 -4.917016496074336e-10 6.201409038975851e-11 2.75831177216292e-10 -3.549975248856078e-11 1.525964509573438e-11 1.128859888692178e-10 5.175306673144577e-11 -1.601931102998412e-10 -3.449824054364387e-11 8.090802337849909e-11
 -5.882772994877194e-13 -5.827374178196181e-13 2.863151938048897e-13 3.904235313395935e-13 -2.886816432150604e-12 5.05807120494943e-13 -3.998040231849609e-13 -1.709752907977484e-13 1.486187166550375e-13 3.274945202590977e-13
 3.598397757435003e-12 5.104658968414281e-12 3.57989393646037e-13 -7.476807594014662e-13 -1.491705290616828e-12 1.716226927277625e-13 1.530202429797097e-12 5.427667235198233e-13 -1.092665035100548e-12 -4.747955346772516e-12
 4.418785211673456e-12 -4.481657714630472e-12 1.712526930188253e-12 -3.367353146032709e-12 4.869942689002552e-13 5.748651998186092e-12 -1.643155490978713e-12 -6.682865224671865e-13 -5.399939975101782e-12 -1.685266706274473e-11
 1.572304529196186e-11 8.017876906763395e-12 3.739275026378915e-12 -3.163542974298893e-13 1.503389194493865e-12 -4.804730811090984e-13 3.757724013973362e-13 1.316689968051744e-12 5.644073658512623e-12 5.253952946785871e-12
 -3.910234657853366e-11 8.414903244432782e-12 -1.974162004866076e-11 1.753408267715857e-11 4.078270855417467e-13 -1.561433112921588e-11 1.232420062231086e-11 -6.279414622742117e-12 9.725487619592e-13 -2.118719106799586e-11
 3.205047290213038e-11 5.148589912863788e-12 2.188199510652647e-11 -1.682723468932892e-11 4.611459865510572e-11 1.08017638193218e-11 3.912255441074516e-11 -4.210848939922838e-13 3.09812085842724e-11 -1.51923419752624e-11
 -8.25532779316121e-13 -1.310709341174279e-11 2.701550221687976e-11 2.023431286334002e-11 1.731904783235983e-11 -2.497561615014272e-11 -1.090538824058322e-11 4.78591320925493e-12 2.676186345323466e-12 3.026738100562773e-11
 6.248157378043283e-10 1.190938721195826e-11 -2.090025258755989e-12 1.776459072328599e-11 -6.290890611820034e-11 -3.124863640542902e-11 -1.126494722439119e-11 -5.394870731687978e-11 -5.213582016878226e-11 7.238741689379055e-11
 -2.615934140359902e-12 -9.957880989296139e-12 -3.729850096389554e-12 3.715496099035086e-12 5.595956534234003e-12 5.980997914205624e-12 8.383462216379691e-12 8.012473310869806e-12 -4.702352656789893e-12 -3.449759085756022e-11
 -6.738300088835354e-13 -1.030875088296001e-13 -1.437709790240089e-12 -6.19990582705641e-13 -4.029923318361371e-13 -4.27002419081625e-13 1.61263421789046e-13 9.823654828126145e-13 3.335551471956755e-13 -1.980518388325567e-12
 6.966273304440597e-11 -4.189767047652029e-12 4.10661422244521e-13 -3.857419100030433e-12 3.909032184268218e-12 -4.898264641715371e-12 5.691049720967559e-12 2.878461864383139e-12 1.630465814021446e-11 2.278033827039113e-11
 -4.41769974740973e-12 -5.906855512844328e-12 -2.429450181925947e-12 -2.778646280709344e-12 -3.908819457976196e-12 3.123607843036322e-12 -6.396548870523874e-13 -5.874822236756906e-12 -4.987773410116804e-12 -4.230686765093757e-12
 -2.806468420325556e-12 -2.156090979963893e-11 -8.079306985475628e-12 -7.747167295572696e-12 -5.424930991980667e-12 1.722083070403328e-12 -6.363983779381066e-13 -8.669245293639218e-12 4.419565564515054e-12 1.418199860703931e-10
 -2.850602316737167e-13 2.02722160295314e-13 -1.241990876623208e-12 7.102249921102516e-14 7.465280827982986e-12 -7.484954135383914e-13 -8.055343403020781e-14 1.989097251720562e-12 -1.544249165463295e-12 -1.127317158782934e-11
 -2.011075305293414e-10 5.421428345436948e-10 2.736973931937299e-10 3.431538164941103e-10 1.652766946751881e-10 -2.495136339948523e-10 2.641256871489115e-11 2.697128841675761e-12 4.247247301251818e-10 1.383858323765239e-11
 -5.818212146327227e-11 1.48218436689251e-11 -1.100632377608668e-11 -9.563091847653423e-12 2.074780168040198e-12 -2.930136047693364e-12 -1.890798793320945e-11 -4.368459690329577e-12 -6.263634019351815e-12 4.875694788055495e-12
 2.389231023647533e-12 5.5642543533842e-12 1.488414954776831e-12 -4.419823451402474e-12 6.465361209830617e-12 -1.327642195673533e-12 1.486948099087831e-12 -2.850169564240381e-12 -5.044789964473776e-12 -2.754424084152172e-11
 4.944318549049309e-13 4.906266780830374e-13 3.012823033445927e-13 1.849264571843092e-13 1.283675281578666e-13 -3.304564310674255e-13 7.488936409872366e-13 2.342456674534336e-13 -1.440472820239454e-13 -2.073043126322025e-13
 -5.175522596494891e-12 -1.480536924121357e-11 4.335183846917112e-12 3.823416464246886e-12 8.283204275632656e-12 -1.035923929328644e-11 -7.411147826917889e-12 6.30234230438387e-12 -2.390654991529949e-11 2.093925610440679e-11
 -7.472074032873962e-14 -5.755919445219127e-14 -5.747631203793477e-14 4.274914431128961e-14 5.079303475396001e-15 -1.303427910517594e-14 -9.611976924479011e-14 9.066715894508044e-14 1.801431087812752e-13 3.094514854079747e-14
 -7.872032313393054e-13 8.911633557211347e-12 -1.118281796515467e-12 9.015397036318399e-14 2.908786554393827e-13 -6.696509219865456e-13 -2.55920911713188e-12 1.583848540924385e-13 2.392896493922244e-12 1.956526523483333e-12
 -6.512649593296638e-12 -2.422804687211641e-11 9.1998809524939e-12 -1.684575764450366e-11 9.807309792825392e-13 2.679862669916936e-12 7.550611437065188e-13 -5.699895769100692e-12 4.098800342012005e-12 -1.724097625821661e-11
 -3.062697277904842e-12 8.38886390396692e-13 -1.491111604158133e-12 -6.54996696072846e-13 1.759859699744751e-14 -2.370018923049478e-12 3.445295384183193e-12 4.160562532893247e-12 -5.521505984385849e-13 6.279701471856006e-13
 5.363241959789071e-12 -4.498659652604125e-12 6.499962923409553e-12 7.821129642783994e-13 -8.59400126783043e-13 3.464497004126176e-13 2.60473619794769e-12 9.000749412511208e-12 2.752678130398457e-12 -1.376993058916316e-11
 3.536193041533533e-11 -5.244318130768685e-11 -6.918216524188107e-12 -1.576333781561906e-11 -3.930918481748302e-12 -7.672126561992641e-12 1.364574802214549e-11 -1.042567496649793e-12 2.82792367070298e-12 1.548685794608196e-12
 1.003837148720677e-10 1.071354868561692e-10 1.494036678198043e-10 3.69840555462734e-10 9.795781312994913e-11 -4.465816374305679e-10 2.051054692492328e-10 -7.87521208963122e-11 -4.404386390646168e-11 -1.062196710880403e-11
 3.971201427565737e-11 -1.037446132426846e-10 -9.550029386528442e-11 1.526909540519245e-11 5.364036753834711e-11 -5.744328780083178e-11 -3.484988560967594e-11 7.809169236235599e-11 2.642140737825979e-10 1.420763855793655e-09
 -1.696924403588748e-14 -7.442385466570164e-13 1.193456101278825e-12 -7.063563563579492e-13 5.608099655635061e-13 -1.255799851200087e-12 5.563869091483137e-13 -1.689837956152111e-13 1.184713454762492e-13 -4.176400407581377e-13
 1.819011308705016e-11 8.337415307127448e-12 -1.437828429749034e-11 -6.598194497564002e-12 9.400190864859647e-12 -7.311080956391811e-12 1.367132816022985e-11 1.145746045153039e-11 6.385938660682184e-12 -4.172606220114004e-12
 -3.173506783362309e-12 5.471755581742757e-12 -2.626155729771585e-12 3.133340041348082e-13 4.328367658169461e-12 -4.157999851651207e-13 1.867917425938021e-12 -5.456442225751402e-13 6.233967048706745e-12 1.037531107836025e-11
 2.324629515062762e-11 2.555223484391849e-12 3.166676613172423e-12 -3.459666521892573e-11 -9.052075070980979e-12 -2.144142325596481e-11 -4.952798437837603e-11 -2.065853623140519e-11 2.570001773280714e-12 -5.46238839037227e-11
 3.420330332540871e-12 -2.926713636033411e-11 -4.130861396919869e-12 -5.491908809808101e-12 -6.360101718229325e-12 4.653902108561727e-12 8.980358809989597e-12 -8.46923603536081e-12 6.047488701755929e-12 9.791916571453277e-12
 -1.637396644516778e-11 -6.812929686164859e-12 1.438769681764291e-12 -2.881674651037855e-11 4.952761456695719e-11 1.052563886392507e-11 3.430440659173894e-12 1.303364768462107e-11 1.290203958645007e-11 -5.380325952250708e-12
 4.534037916712964e-13 3.866064867081176e-12 3.636252103422618e-12 -4.250071945013876e-13 -8.540984652703401e-13 -2.097055624433553e-13 -2.623762115230166e-12 -4.353331553044312e-13 1.786281447785319e-12 1.979758704129393e-11


# name: DatT
# type: matrix
# rows: 1
# columns: 50
 15.04246091842651 15.05568408966064 15.11997199058533 15.48389720916748 15.43155407905579 15.44494986534119 15.44365811347961 15.40175294876099 15.38210296630859 15.42988801002502 15.40202617645264 15.46721887588501 15.42931914329529 15.39693093299866 15.42729902267456 15.37443423271179 15.42769002914429 15.45738697052002 15.44448685646057 15.43443608283997 15.43086814880371 15.41819286346436 15.39155507087708 15.40857791900635 15.40598106384277 15.46316695213318 15.39767098426819 15.44185495376587 15.45697116851807 15.45478796958923 15.34316396713257 15.40139389038086 15.41443514823914 15.44006991386414 15.39155602455139 15.46021199226379 15.40858912467957 15.4356701374054 15.43076992034912 15.40428113937378 15.35749197006226 15.37343502044678 15.40246486663818 15.43784093856812 15.39638614654541 15.40184998512268 15.38373804092407 15.41510891914368 15.3753719329834 15.42754483222961


