# Created by Octave 4.2.2, Tue Mar 19 17:59:33 2019 -05 <ubuntu@algoritmosb>
# name: DatK
# type: matrix
# rows: 1
# columns: 50
 2000 2000 2000 2000 2000 2000 2000 2000 2000 2000 2000 2000 2000 2000 2000 2000 2000 2000 2000 2000 2000 2000 2000 2000 2000 2000 2000 2000 2000 2000 2000 2000 2000 2000 2000 2000 2000 2000 2000 2000 2000 2000 2000 2000 2000 2000 2000 2000 2000 2000


# name: DatF
# type: matrix
# rows: 1
# columns: 50
 5.496881395193163e-28 2.394562625895093e-28 1.552194764587137e-27 4.885144415097556e-28 5.877013743896538e-29 1.000213998062023e-27 7.199248159040764e-26 1.433760858215011e-26 3.695766502344193e-26 1.079532729486831e-26 9.094087123000977e-29 2.598064087538826e-28 1.644799639289098e-27 1.990601747473386e-26 3.117972727886049e-28 1.990641190518647e-28 7.043541807492109e-28 8.676483881299604e-28 1.359552466341838e-29 2.716639742354859e-28 9.891945972922166e-28 2.599419942219675e-28 1.853083570170733e-28 3.986579112347137 4.56614878654881e-28 8.81293216599955e-28 1.293115586980255e-28 2.969326434920089e-25 2.184158631330676e-28 1.03414734293817e-28 1.932068268305987e-27 1.401793502626094e-27 2.853334546087688e-28 1.109514374265887e-26 6.416397387841405e-28 6.292275054785536e-28 1.49873711230677e-27 8.52955853770219e-28 2.545309014502171e-28 1.045240699417841e-29 2.860730117074135e-28 1.750445370830493e-27 2.401095380266455e-29 1.977905881694517e-24 1.534950758237072e-28 3.702592614364683e-28 2.243717629674863e-27 4.633128007782731e-27 1.13699508345636e-27 2.507591602471291e-28


# name: DatP
# type: matrix
# rows: 50
# columns: 10
 -1 -0.9999999999999998 -0.9999999999999994 -1 -0.9999999999999999 -0.9999999999999999 -0.9999999999999986 -0.9999999999999971 -0.9999999999999944 -0.9999999999999885
 -1 -0.9999999999999997 -0.9999999999999999 -1 -0.9999999999999994 -0.999999999999999 -0.9999999999999983 -0.9999999999999966 -0.9999999999999932 -0.9999999999999866
 -0.9999999999999997 -0.9999999999999998 -1 -1 -1.000000000000001 -1 -1.000000000000001 -1.000000000000005 -1.00000000000001 -1.000000000000021
 -1 -1 -1.000000000000001 -1.000000000000001 -1 -0.9999999999999997 -1 -1 -1.000000000000002 -1.000000000000003
 -1 -1 -1 -1 -1 -1 -1 -1.000000000000001 -1.000000000000002 -1.000000000000004
 -0.9999999999999993 -0.9999999999999999 -0.9999999999999998 -1 -0.9999999999999999 -1.000000000000001 -0.9999999999999999 -0.9999999999999987 -0.999999999999996 -0.9999999999999915
 -0.9999999999999961 -0.9999999999999929 -0.9999999999999966 -0.9999999999999933 -0.9999999999999908 -0.999999999999988 -0.9999999999999954 -1.000000000000004 -1.000000000000009 -1.000000000000018
 -1.000000000000001 -1.000000000000004 -1 -0.9999999999999998 -0.999999999999997 -1 -0.9999999999999971 -0.9999999999999947 -0.9999999999999876 -0.999999999999979
 -0.9999999999999923 -0.9999999999999922 -0.999999999999997 -0.9999999999999978 -1.000000000000002 -1.000000000000008 -1.000000000000015 -1.000000000000032 -1.000000000000059 -1.000000000000121
 -1 -1.000000000000002 -0.9999999999999994 -0.9999999999999987 -1 -1.000000000000004 -1.000000000000004 -1.000000000000009 -1.000000000000012 -1.000000000000025
 -1 -1 -1 -1 -0.9999999999999999 -0.9999999999999998 -0.9999999999999997 -0.9999999999999993 -0.999999999999998 -0.9999999999999962
 -1 -1 -1 -1 -0.9999999999999997 -0.9999999999999999 -1.000000000000001 -1.000000000000001 -1.000000000000002 -1.000000000000005
 -1 -1 -1 -1 -0.9999999999999998 -0.9999999999999987 -0.9999999999999953 -0.9999999999999903 -0.9999999999999801 -0.9999999999999626
 -1.000000000000001 -0.9999999999999993 -1.000000000000004 -1.000000000000004 -1.000000000000002 -1.000000000000003 -1.000000000000003 -1.000000000000009 -1.000000000000012 -1.00000000000003
 -0.9999999999999996 -0.9999999999999996 -0.9999999999999998 -1 -1 -1.000000000000001 -1.000000000000002 -1.000000000000004 -1.000000000000008 -1.000000000000016
 -0.9999999999999998 -0.9999999999999998 -0.9999999999999997 -0.9999999999999999 -1 -1 -1.000000000000001 -1.000000000000002 -1.000000000000004 -1.000000000000009
 -1 -1 -1 -1 -1 -0.9999999999999996 -1 -1.000000000000002 -1.000000000000004 -1.00000000000001
 -1.000000000000001 -1.000000000000001 -1 -1.000000000000001 -1.000000000000001 -1.000000000000002 -1.000000000000004 -1.000000000000008 -1.000000000000015 -1.000000000000029
 -1 -0.9999999999999999 -1 -1 -0.9999999999999999 -1 -1 -1 -0.9999999999999999 -0.9999999999999998
 -1 -1 -0.9999999999999998 -1 -1 -1 -1.000000000000001 -1.000000000000002 -1.000000000000005 -1.00000000000001
 -0.9999999999999997 -1 -1 -1.000000000000001 -1 -1.000000000000002 -1.000000000000003 -1.000000000000007 -1.000000000000014 -1.000000000000027
 -1 -1 -0.9999999999999996 -0.9999999999999996 -0.9999999999999989 -0.9999999999999988 -0.999999999999998 -0.9999999999999962 -0.9999999999999927 -0.999999999999985
 -1 -1 -1 -0.9999999999999999 -0.9999999999999999 -0.9999999999999998 -1 -0.9999999999999993 -0.9999999999999982 -0.9999999999999963
 0.9932633724566357 -0.9966060391288756 -0.9982406114860715 -0.9989884339038583 -0.9992261531889712 -0.9990736480714942 -0.998454176852746 -0.9970562496916953 -0.9941793718766362 -0.9883926231848427
 -1 -1.000000000000001 -1 -0.9999999999999999 -0.9999999999999996 -1 -1.000000000000001 -1.000000000000002 -1.000000000000003 -1.000000000000007
 -1 -1 -1 -0.9999999999999991 -0.9999999999999987 -0.9999999999999986 -0.9999999999999981 -0.9999999999999973 -0.9999999999999957 -0.9999999999999909
 -1 -0.9999999999999997 -0.9999999999999998 -0.9999999999999994 -0.9999999999999996 -0.9999999999999996 -0.9999999999999991 -0.9999999999999984 -0.9999999999999966 -0.999999999999993
 -0.9999999999999916 -0.9999999999999978 -0.9999999999999963 -0.9999999999999963 -1.000000000000021 -1.000000000000025 -1.000000000000052 -1.000000000000082 -1.000000000000141 -1.000000000000301
 -0.9999999999999999 -1 -0.9999999999999999 -0.9999999999999999 -0.9999999999999999 -1 -1 -1.000000000000001 -1.000000000000001 -1.000000000000002
 -0.9999999999999998 -1 -0.9999999999999998 -1 -1 -0.9999999999999997 -0.9999999999999998 -0.9999999999999994 -0.9999999999999987 -0.9999999999999969
 -0.9999999999999996 -0.9999999999999997 -0.9999999999999993 -0.9999999999999989 -0.9999999999999993 -0.9999999999999992 -0.9999999999999972 -0.9999999999999927 -0.9999999999999877 -0.9999999999999734
 -1.000000000000001 -1.000000000000001 -1.000000000000001 -1 -0.9999999999999999 -0.9999999999999987 -0.9999999999999974 -0.9999999999999959 -0.9999999999999927 -0.9999999999999833
 -1 -1 -0.9999999999999999 -1 -1 -1 -1.000000000000001 -1.000000000000002 -1.000000000000002 -1.000000000000004
 -1.000000000000002 -1.000000000000001 -1.000000000000001 -0.9999999999999981 -1 -1.000000000000005 -1.000000000000011 -1.000000000000018 -1.000000000000035 -1.000000000000067
 -1 -1 -1 -1 -1 -1.000000000000002 -1.000000000000004 -1.000000000000008 -1.000000000000016 -1.000000000000033
 -1.000000000000001 -0.9999999999999999 -1 -1 -1.000000000000001 -1.000000000000002 -1.000000000000003 -1.000000000000005 -1.00000000000001 -1.000000000000021
 -1 -1.000000000000001 -1.000000000000001 -1.000000000000001 -1 -0.9999999999999996 -1.000000000000001 -1.000000000000001 -1.000000000000002 -1.000000000000003
 -1.000000000000001 -1 -1 -1.000000000000001 -1.000000000000001 -1.000000000000001 -1 -1 -1 -0.9999999999999997
 -1 -1 -1 -1 -1 -0.9999999999999994 -0.9999999999999989 -0.9999999999999982 -0.999999999999997 -0.9999999999999946
 -0.9999999999999999 -1 -1 -1 -1 -0.9999999999999999 -0.9999999999999999 -0.9999999999999997 -0.9999999999999993 -0.9999999999999988
 -1 -1 -1 -1 -0.9999999999999999 -1.000000000000001 -1.000000000000001 -1.000000000000003 -1.000000000000007 -1.000000000000014
 -0.9999999999999993 -1 -0.9999999999999993 -0.9999999999999997 -0.9999999999999983 -0.9999999999999978 -0.9999999999999981 -0.9999999999999961 -0.9999999999999926 -0.9999999999999869
 -0.9999999999999999 -1 -0.9999999999999999 -1 -0.9999999999999999 -0.9999999999999997 -0.9999999999999996 -0.9999999999999991 -0.9999999999999982 -0.9999999999999963
 -0.9999999999999546 -0.9999999999999647 -0.9999999999999752 -0.999999999999978 -0.9999999999999291 -0.9999999999999403 -0.9999999999998688 -0.9999999999997159 -0.9999999999994716 -0.9999999999989595
 -0.9999999999999997 -1 -1 -1 -1 -1 -1.000000000000001 -1.000000000000002 -1.000000000000003 -1.000000000000007
 -1 -1 -0.9999999999999999 -0.9999999999999994 -0.9999999999999994 -0.9999999999999996 -1 -1.000000000000001 -1 -1.000000000000001
 -1.000000000000001 -1.000000000000001 -1.000000000000001 -0.9999999999999992 -0.9999999999999998 -0.9999999999999988 -0.9999999999999972 -0.9999999999999941 -0.9999999999999893 -0.9999999999999812
 -0.9999999999999996 -1.000000000000001 -1.000000000000001 -1 -1.000000000000002 -1.000000000000004 -1.00000000000001 -1.00000000000002 -1.000000000000039 -1.000000000000074
 -0.9999999999999998 -1 -1.000000000000001 -1.000000000000001 -0.9999999999999993 -1 -1.000000000000002 -1.000000000000002 -1.000000000000004 -1.000000000000009
 -0.9999999999999999 -0.9999999999999999 -0.9999999999999999 -0.9999999999999999 -1 -1 -1 -1 -1.000000000000002 -1.000000000000004


# name: DatT
# type: matrix
# rows: 1
# columns: 50
 15.04668593406677 15.11056900024414 15.08447098731995 15.07563209533691 15.04070901870728 15.04681706428528 15.04987716674805 15.02277588844299 15.06504797935486 15.07040119171143 15.03743481636047 15.06712579727173 15.04355192184448 15.03659391403198 15.10696792602539 15.06383490562439 15.07120203971863 15.09231305122375 15.02434706687927 15.0357871055603 15.06202816963196 15.05200600624084 15.05005383491516 14.96861004829407 15.03615999221802 15.05022001266479 15.07221508026123 15.07863092422485 15.10016798973083 15.0806040763855 15.09260296821594 15.06148099899292 15.16520714759827 14.66726803779602 14.67478013038635 14.95606899261475 14.62593984603882 14.6571888923645 14.6935019493103 14.7596960067749 14.71377801895142 14.72044801712036 14.74668884277344 14.95757699012756 14.69284296035767 14.65713095664978 14.68031811714172 14.6986231803894 14.7280900478363 14.6812961101532


