# Created by Octave 4.0.0, Sat Nov 19 15:13:42 2016 Hora est. Pacífico, Sudamérica <unknown@HEEC>
# name: DatK
# type: matrix
# rows: 1
# columns: 50
 2000 2000 2000 2000 2000 2000 2000 2000 2000 2000 2000 2000 2000 2000 2000 2000 2000 2000 2000 2000 2000 2000 2000 2000 2000 2000 2000 2000 2000 2000 2000 2000 2000 2000 2000 2000 2000 2000 2000 2000 2000 2000 2000 2000 2000 2000 2000 2000 2000 2000


# name: DatF
# type: matrix
# rows: 1
# columns: 50
 4.294937503117502 4.26874132359955 4.715939063464541 4.37879942199933 4.499161911690313 4.012038577649959 4.295919726056618 4.12612659103498 4.620394471333898 3.886374188530827 4.20850119483088 3.939281428975584 4.233833207885827 4.283415104971663 4.142600141592776 3.448782102751485 3.59344932047113 4.798629067645577 4.217682919958732 4.610653236230076 3.725035202675221 4.256478247773474 4.079564258707696 5.221075631352985 3.839107193204508 4.572538311690088 4.556242432238576 4.222994360709037 3.407000989276331 4.830554223008931 4.936639368973886 3.821671684637069 4.816323581458152 4.788345031364664 4.90486789709995 4.54151171178471 3.977511008177536 4.563902155400494 4.627392768363868 3.308116744161045 4.050132659437716 3.512871455385389 4.927915452462262 4.691281194414788 4.323132940368048 4.881753643340002 4.15728448981594 4.000534202295491 3.90525386652648 4.262875550213436


# name: DatP
# type: matrix
# rows: 50
# columns: 10
 -0.7589264252881165 0.2664087499308749 0.6827305948633544 -1.154555341337215 0.9181557746441449 0.2526244393905053 0.04078011958885241 -1.781726747369049 0.01973784002077039 0.1919648901732138
 -0.001596648735358031 0.1897615389590932 1.897113484257623 0.9436307599671139 0.04680994858976817 0.257554127283818 0.530457826671892 1.153119961482982 0.9003569230943853 0.9535103723746516
 -1.606269441173577 0.436222581020445 -1.72952787238658 0.1307135145817746 0.9586602043518333 0.1718604608778804 1.066532783216704 -0.167066802487323 0.07683236996861353 0.9298202525960093
 0.6472443544322672 0.2826451356579867 -0.9025542289699864 1.006937513276178 0.6502595164335148 0.8467518779351373 -0.7323340683167139 -0.3999468979149228 0.7910318598358508 -0.8712068489975273
 0.196367885028117 -0.7935886900948326 -0.7025082207935185 1.271025319321115 -0.5460150016283905 0.9748846233842201 0.02592086658298953 1.152215165158079 0.785785009730521 0.7147616083700221
 0.3219330833329153 -0.08418643418743699 -0.2758178532624491 0.2104473511919522 0.8725969376526983 0.3576116421121327 0.151307454989503 0.2620930017385596 -0.8693320612936724 -1.433764504300992
 1.220853066780567 -0.1805757264175369 -1.203757035356105 1.282233340163003 -0.7269154197553931 1.134945591121447 -0.28900580749022 0.07836144907749087 0.0879458751934088 0.1176716107603326
 0.683794969691629 -0.706168429724773 0.1876752922636911 -0.04416940183550011 -1.026589857257047 0.9658498476628345 -1.132777758003733 -0.864771118914053 0.9151042408583763 -0.6425413408129685
 0.5126797681355235 0.1871841938283865 0.5974739744220621 -1.417375989759801 -0.3025187103688047 0.1288791396019668 0.9855878326479655 -0.613126614344413 -1.079042992906651 0.9681736962656657
 0.04090204370189809 -0.03900234450160411 -0.2534666208796388 0.1318725408510844 -0.3569064473871144 -0.3448577287511796 0.3418818834419142 -0.8815450719438402 0.8288496449411724 -1.370272580944739
 0.9889958453922993 1.19718472396125 -0.898086899515782 -0.2533183259131455 -1.227262527783047 1.023891850974017 -0.1846987765113077 0.2158230017359664 -0.2938191717023919 -0.9518363106244152
 -0.00704035869603814 -0.7521802459912159 0.4145342384348751 -0.7593616427864234 0.2213444711471517 -0.7611543006630761 -0.001192465069834725 -1.154248237463573 -0.750277456291542 0.9040514284705772
 0.05340056751270339 0.1996925479854319 0.4840343653727217 -1.402951234150716 0.2518699261147503 -0.9856078875518364 -1.060676450771155 0.9047076699343108 -0.1439197591481793 -1.080006422990735
 0.2496605918261139 -1.719129649965652 0.1550590627904569 -0.05157989836338928 0.7392624500523546 -0.3198099274507697 -0.2208075627188215 0.9754249712304741 0.3415528555436502 -0.4025927852402695
 -0.2879734835098944 -0.8882099127830649 0.9924265461368051 -1.89117758223064 0.09430128159701212 -1.136488516359474 -0.3735331838018965 -0.01971520140616079 0.95758656479207 -0.06841130257277683
 0.05988867565070777 -0.06926546199799333 0.04380730143570233 -0.1831143487381119 1.092504454692147 -0.4478026309429417 -1.357659261513035 -0.00696611959029525 -0.02421109257740994 0.3502281444801625
 -0.08479151722902856 0.5125917060381759 1.167872797606076 1.059420797692891 -0.08999495202268903 0.1747546696698699 0.1090646124522294 -0.1772757423806759 0.9839829234542634 1.087577123663401
 -0.9864529471551471 -0.4279475447132697 0.004205819232087293 -0.05636529157532522 -2.146672452847405 -1.026185932797514 1.978232578960139 1.137625840866473 0.1594017186927523 0.1775457129498825
 -0.6456604621513584 -1.040295271660433 -0.5337530005549844 0.203970991524514 0.164036534888659 0.2278078813744528 0.4066717793743067 0.6868330788444723 -1.282379026262134 -0.1762977320415082
 -2.107926345717814 0.7517237227427813 -0.9717030094461485 -0.6820062668618299 0.285123869116692 -0.7059214821590167 0.8412707107443929 0.2832795745692103 -0.1112339445445372 0.001591305108377128
 -0.06381053742194354 -0.8597537534759425 0.828058293910388 1.033109607679791 0.3956396978450307 -0.5944123839895781 0.03597091276791176 0.3756382280065509 0.8986985725013241 -0.1391043352033563
 -0.4301282062901279 -0.9829374480714108 0.09272291100396046 0.2064345656346696 0.1434724435513495 0.8899072759512734 1.328733869569376 0.01147087369646371 0.01756141419720336 -1.54526866042174
 -0.437120027736853 -0.7646188885799035 -1.271554026362786 -0.3095896590005474 -0.5122403070804573 -0.8176823867787029 0.6248895501909146 -0.03234332160903364 -0.1747583316229573 0.07051525860340035
 -1.169007475265214 0.5998268876561283 0.05011193036812145 -1.124685753867311 -1.377554124675388 -0.7143129318598902 1.159106766164005 1.333450064931942 -0.6927026997170209 0.8877113518345929
 -0.01501770374490263 0.1059087755948944 -1.060360042712144 -1.394868679900714 0.4795179325360373 -0.1458844974969402 0.1122057356861781 0.3493740594879888 0.08488300029974738 -1.064809716964252
 1.309855426271778 0.09172124820005578 -0.001675136363701313 -0.03143790739162 1.854424239674568 0.5078021945614708 -0.9607427785076297 0.5819188753508406 0.1046564914305286 -0.5959540858844754
 -0.1719644011156305 -0.309913235442135 -0.9548462130905619 1.93093088836752 -0.6644929170130709 -0.8725042166687409 -0.29642045977225 0.805353775168264 0.1907877205760009 -0.7715811429177606
 0.4446575792375782 -0.04073437895389276 -0.8916967341346123 1.04375043724853 1.15224613421665 0.7107896228723902 -0.09993086986478517 0.6316371978488249 0.9181155052746526 0.5030018991878968
 0.0749976769566949 -0.8129778693281082 0.7484466597186383 -0.8398076852889425 -0.1637830613891893 0.2316460373460636 -0.5667445060594822 0.1235237780657599 0.7524074370946927 -0.09231898578045161
 0.1088958646051736 -0.3277915428501075 1.842744515226372 -0.05751021021756841 0.1066563562836613 -1.092088304986731 1.135590319091659 -1.188218137423235 2.036204399330053 -0.9459823597089283
 -0.6179977173184099 0.7992500340977138 -1.127888349084177 1.324054851112418 -0.9102935485415493 0.949784134018909 0.03049051413657367 -0.9372725615602917 -1.662616803797995 -0.8498918322864952
 -1.104887820430218 -0.02153261067180523 -0.009908770925914467 -0.829892807715467 0.5677051817388623 -0.7247543496220956 0.7910569277835684 1.025238999510314 1.085428961497279 -0.07214923422913699
 -1.22383056729743 0.38173600297376 1.012390777133088 -0.8902993908767627 -0.9683056411731457 -0.4082209358151978 0.9820607820902119 0.3875864827117645 -1.484117755091106 -0.07787521716643653
 -1.074237894800785 0.8937046471427443 -0.7045110835958468 0.2947869141010351 0.04132838304034792 0.1076305200605105 1.905702147097969 -0.1321949171962231 -0.388019442444044 -1.941196419367717
 -0.9747229429658333 0.2077283796736147 -0.5144390753143995 0.1114909443914378 0.03476404602227845 -2.015952880239652 0.5260942568843596 2.042184820831643 0.140028979121908 0.2678829853632756
 1.067341932967853 -0.01641922927775852 -1.121623019872569 0.01367003827000346 -0.3738074899869162 0.4339934936528458 -0.4027853964638801 0.7239290523200204 -0.179728281737134 -1.736568696971279
 -0.3823902438038047 0.9706197871773554 0.06224971758462061 0.7654161901071035 0.4908361823349807 -0.3195533898636498 -0.9359123569001326 -0.750260274645143 0.9235957764312133 -0.2042066156083848
 -0.2487758225745438 0.4194509515677218 -0.3729186812691943 -0.3577908809805734 -0.9663020327306775 0.5357130712859863 0.1439579224007907 1.667969024576148 0.2429798295727252 0.8534402169160344
 0.2252987344856834 -1.825137135266981 -0.2246013507012528 -0.4786559930566732 0.3471827748311149 0.5152594326414288 0.6359140641058154 0.09683276718542189 -0.3271501385009543 1.057189754056761
 0.007957846019060355 -0.06243153688961911 0.03758483387176881 -0.9589061502365048 -0.7109525583934655 0.8987772557619778 0.9327147419853041 0.9037479712705156 -0.9142796316799959 -0.8916328147014525
 -0.1156191390965589 -0.4518744337751315 1.11948802695326 1.287056797910996 0.78139644255387 1.137964973869327 0.04138559575043743 0.01464686013606809 -0.100490517152231 0.7006201319479253
 0.8191045415613374 -0.6581762187403513 0.8775878827972328 0.1478721681543433 0.01252428187400412 0.4619598535559462 -0.3449502944843914 -0.1425736003967728 0.9357406154148862 0.1413179935390332
 -0.6355544688909838 -1.060372182501904 -0.1519674851171224 -0.107678341764867 0.1298282472727159 -0.5441735662593992 1.064117011547808 -2.096807015561442 -1.325320768966161 -0.9876873762286671
 0.1431338239400652 -1.454962077561007 -0.5850338504847841 -0.6251927060026219 0.688081046819832 -0.164436119148526 1.289076221411314 -0.09131021587571908 0.3807831042380521 0.8627944364078424
 0.06395526314923927 1.035123229440646 1.075482562620049 1.669501163461671 0.8654700923678931 0.05383927026746704 0.03031624803955424 1.172330282853338 -1.074483271250823 -0.3627622335355802
 -1.146055331365591 -0.9130040785120528 -0.4055933526346109 0.9756809531345212 -1.616088726033574 -0.4321105287366969 -0.9526839632698767 0.9294717948350169 -0.2830268257005457 0.3350561397476994
 0.8538634801615039 -0.0643165988640817 -0.08169135814576478 0.1733001098820495 1.852152965195138 -0.7573745855468204 -0.9703473026374638 0.009398316788072236 -0.01893317933538086 1.91069503203099
 1.09196753371279 -0.08307849207092843 0.01297638415963931 0.009493655534249967 0.02780956251629263 0.8556632885764479 1.102468775944637 1.58778089972801 -1.132793362368041 -0.8756389400795115
 0.1101768458739656 -0.5779357373381373 0.7829797503934799 1.073750181704849 -1.405043106052659 0.1729229666399732 -1.06589181689839 0.1052221102237176 0.005157478908589752 -0.09332877591995725
 0.02418139935800667 0.5646432930830692 1.106653279140215 -0.0955747745957467 0.2092601734604713 -1.298538673646632 -0.02268808969349578 0.9540009307883821 1.925425713517985 0.06645327531265721


# name: DatT
# type: matrix
# rows: 1
# columns: 50
 17.86234402656555 17.9566650390625 17.99152898788452 17.93766188621521 17.99498987197876 18.57512593269348 17.98883509635925 17.95883989334106 17.9258930683136 17.95391798019409 17.98771786689758 17.93208289146423 17.94719004631042 17.92513489723206 17.95172095298767 17.90872502326965 17.98994898796082 17.93919897079468 17.90766191482544 17.97826218605042 17.99358010292053 18.12198519706726 18.25880408287048 18.27301597595215 18.29657196998596 18.31915903091431 18.26787900924683 18.3100848197937 18.2733781337738 18.35247898101807 18.30353999137878 18.31797194480896 18.32170701026917 18.29375314712524 18.41669416427612 18.31761503219604 18.35006880760193 18.30358099937439 18.88831806182861 18.30662608146667 18.28068089485168 18.29334187507629 18.32204484939575 18.29148817062378 18.31508994102478 18.33090305328369 18.30854892730713 18.31906414031982 18.29399394989014 18.2953679561615


