# Created by Octave 4.0.0, Sat Nov 19 09:33:10 2016 Hora est. Pacífico, Sudamérica <unknown@HEEC>
# name: DatK
# type: matrix
# rows: 1
# columns: 50
 2000 2000 2000 2000 2000 2000 2000 2000 2000 2000 2000 2000 2000 2000 2000 2000 2000 2000 2000 2000 2000 2000 2000 2000 2000 2000 2000 2000 2000 2000 2000 2000 2000 2000 2000 2000 2000 2000 2000 2000 2000 2000 2000 2000 2000 2000 2000 2000 2000 2000


# name: DatF
# type: matrix
# rows: 1
# columns: 50
 369.3193285772351 365.7633152074308 418.8832994820758 537.5383645997642 318.9618023725682 341.2070698553981 427.9350870527098 342.4994662366013 146.7559536843877 342.1229489443688 507.1989684745028 531.5961883022438 608.9615867771104 418.2538919720884 269.8728167737844 360.9258657094922 384.6449060420733 530.4862917783574 478.2865645205983 756.8150899949934 129.042213312699 312.6374549469292 299.6480301347927 368.4550083838174 722.4158337213514 214.885031072361 163.4166333339101 382.6018491370695 337.6715823409837 395.0870351685774 252.1246292522666 482.0024852106607 456.9957401036135 309.0224619286211 255.0403437918865 707.1089312945002 250.5253022409246 670.0425197151613 262.3435942003075 672.2993061937462 412.7010228525501 459.8995322899783 405.7200037541261 123.4457408750494 803.1038759546522 322.0305801236186 110.1215333677575 398.7006613551223 310.6957983473582 369.1962996750436


# name: DatP
# type: matrix
# rows: 50
# columns: 10
 7.49390853584714 -1.001847673842803 0.0989380212104578 -7.222413828143189 8.022440315975487 3.115981374914156 -10.43522593523014 8.524617242123227 2.012562534356221 0.5491616193014863
 -11.0312200457479 2.557506427593836 -4.327667903409889 -3.399565268274912 6.243886558198142 4.163168642346207 3.005465312482102 -6.470628378932119 -0.8861788788184981 9.962110620886037
 -4.404866554025105 1.020183497849317 -2.331293547696234 -4.505744879727217 -8.069285237756077 2.325313327265718 5.289410659636488 10.0889491727276 2.478603268037872 -12.89474033133634
 3.643221486301471 -2.504365335381635 1.38574437764936 -13.84573117862321 -3.538824462749986 12.58123768644172 4.510463663384371 -2.006008404851855 -8.518520246392896 7.524927710577472
 -0.3017481618827844 -1.337383707642104 -6.997201126117488 6.949312316513414 -7.746217111574765 -3.961460511665777 -0.06759484099350743 -1.856866308254141 -9.057640880250375 -7.657542763585141
 5.185548770307463 3.936916132581217 5.920459966867341 7.714077746235361 0.7902332887628205 -7.905039611663554 6.540785660902898 1.486994737161467 9.251971789267031 -3.248518302963589
 -6.802223704338218 -6.571026220038476 7.570464182712186 2.936556109717884 11.24719589448034 2.624203357073668 10.2473701657392 -1.006188458041379 -4.160666316012865 -3.979089210999504
 6.193773412772401 3.32314722113702 2.997941376044309 -5.262892920066065 3.502588173570757 -10.75735560321425 -6.339835292649852 -5.860341923883368 3.374733988086234 6.518655024731984
 -6.360854632615144 -4.299112914534049 -2.303351715591958 -0.6572289029011955 -4.0002164559628 -2.621600373414651 -2.113292453078486 -0.7245909556789769 2.253882706055379 -7.00929288218822
 -5.112957694702857 -9.232516250771923 -0.60348364145311 9.254149458006054 -3.175853841504789 -2.638332064954113 -5.428570719007183 1.803077579143888 8.509008054947344 -4.750500073125636
 -7.609237983937234 1.762863370778064 -7.036913449113413 8.728178927280496 4.947922535804963 -1.756291682205187 -1.902952192222941 -16.47192935466431 4.175398754116117 -0.7385011017053102
 7.971870684699738 7.866551741202727 2.319080760890898 -3.368330756394869 15.22714621983833 -3.320758696328681 -5.565614411764528 2.877046859477048 -9.022658675398375 5.087611406863786
 -0.3056046865368955 -5.202916158534748 -12.98520526366383 -2.3085261218977 -5.513516281328293 5.439386091850537 -14.97487297406904 11.09356702423206 -0.6363052449617612 0.3850847814193799
 9.237922548759002 1.172775338591777 -7.721954916500053 -3.403711078091604 -9.08730448477813 -1.397587230849879 5.726390710563336 -10.47144679837878 5.444351122653387 -1.925974945289425
 -3.021143791512728 2.783271390172914 -8.172657926528785 1.128162180839865 6.464828727942617 -4.359856925250085 2.821282464948496 3.327666985070806 -6.518160757926367 -7.912776691913635
 -1.845353612271467 6.833080782465387 2.16818394078571 -3.623294893943068 -1.614321744410347 -7.186198235243495 5.000127998530388 14.35956257569813 -1.209829567551978 2.467948655386166
 -9.618548680150354 5.589067249050274 -6.230022902539631 4.793807144098892 5.89769325875109 -3.339604201166068 8.065081721501002 2.157812057113077 -9.087867914017394 -0.932845672423781
 -2.338013483905499 12.83449386569957 -7.556840510964122 -9.288576185694765 -6.850253897895001 1.014593431455523 -6.958229203567939 9.419368683170163 -4.075299135958659 3.899662099458467
 -1.676377413105769 -6.165774837111783 -12.32605449900453 6.241308342990237 6.698291884052509 2.073821043314666 0.6667192657462948 1.852523068783668 6.216033922149208 12.44550974038813
 -17.09349883108966 2.003495796317111 4.268033540622255 -3.033439187085165 -4.715510125199543 4.517623922904264 -2.301185827628757 -1.929405412875866 -19.52987315158659 -0.3414092380354958
 -0.3712119309513469 8.527817698772438 -3.745131060488234 -2.149369637619273 -0.3161607649873588 2.420450392356727 1.585042367560888 3.645378746888881 -2.458578686629366 3.119399206163109
 2.005861245789674 -2.537675815393655 7.830689235337488 0.9792155871314066 -0.5544897471284287 5.966904023037372 -7.315875047655624 0.6275923367414293 -11.33001008097897 -4.658238852837101
 5.896641167376359 -11.05554963210628 -0.3450550901563219 3.004799262136203 0.3368456081717994 1.507072752656995 4.012801234468498 3.602254738008739 8.269640247866974 5.801215197655353
 1.322101765209169 0.9456147570294604 -11.46930903574297 4.654199194512628 12.74457023260436 0.8336338731627819 -6.331678895688285 -2.655657490369165 0.1224114715569726 1.526294000860403
 -10.6796748711125 -0.307825802383519 -13.8591675383913 10.52163410854997 3.81489604456138 -1.720276261540548 14.37180917051336 -3.168148589294631 -7.747624690595217 3.37042691094365
 8.413839819926764 -0.5978968810725718 1.03490099704733 4.89339305882136 -4.351945624377706 -3.308985709419773 -4.437378931336042 7.399563614447928 -0.4976855655061172 -3.760073489367528
 2.78248693280274 -7.902317322035699 2.933104068371421 3.040077153447342 2.60214983413907 7.675691200396471 0.3260716965543509 -1.597384977549879 -0.3058525099278597 2.635087423778998
 -3.80531166170104 -6.09382240732252 0.1805762539789555 -6.1215373381429 -7.912435966640217 -3.99683404798634 -8.145737800308851 -0.09230222162845791 -11.13252171522214 -4.960345200881861
 -8.606614386148337 -11.60607581683125 -1.950728946622775 -3.765485546911691 -0.7085085077509206 0.4637595927763272 -6.099771767779245 1.981989156184667 -2.527338378832852 -7.916600108323067
 0.7767571439675436 -7.900982105869801 -4.142078024098808 -4.415611501601418 14.36015276527286 -6.871049545000858 -2.766499979271785 1.725041449709224 -3.968527651115423 3.949673256331124
 -4.445830396846048 9.212655965579515 4.831328752290958 8.264766650840215 0.07239670835591028 4.641699896867365 3.934393246938242 -2.798514397410514 -0.5709647949973089 -3.263484797254591
 -6.893643157812633 1.325454233165743 7.517443528153095 -10.05268231170251 -8.081057768371508 -1.58945452526568 -7.947932095297773 -10.61242938008519 -0.4667018078637142 -5.595892116573665
 2.28341458437275 15.41303452691655 1.971131965229674 -6.239348757802077 -4.863798315047859 -5.156218650929603 -6.424080972058817 8.764919909348805 0.6347721567638587 -1.632970482342728
 2.758761083943114 -3.976290121638144 -8.926451654092006 2.776232692623481 -10.88285083320028 -1.87108561490362 -5.655898697889668 -3.82032696629895 3.921006857810383 3.783651986806845
 -2.86370987110007 -5.915181516550504 -2.668230979135231 -6.506146631866841 3.401221261221238 2.502312081970786 -2.820899499194098 -1.027094174378831 4.857190090526657 -10.58140693917748
 12.9773380540032 12.82941802151656 -3.917375958782898 -7.16747877327505 -7.078517189214423 0.8336756188786438 4.550948727275937 13.73144388704246 -6.832029426326173 -0.8027097414473303
 -1.731248976876358 -4.110993123915307 5.387330127862413 -4.932672801035068 1.374537900711118 -4.3500199927186 9.869884350478003 -6.862301774120567 -3.418386321620076 0.5196457785589388
 -3.776813799733546 -4.285775098607829 13.31027887504811 1.735991123178678 4.579222249096617 11.21521699220067 15.39637715364525 2.834554779702941 6.360329803786215 4.994581671373908
 3.570748721951333 -1.009308319544743 -5.743325699088814 -8.159300873061582 3.891007067842978 8.410987537858276 1.986404679929365 -1.605291446094995 6.792967942286296 3.234631145871049
 4.796773405407649 6.374500335053369 15.92312608368772 9.62754445104548 -8.026249159460363 -1.150587206530489 12.43068476383652 -3.783572314525273 -5.064337530759559 -1.480228314586142
 3.330878589214691 -9.510414130777235 -6.507301951254021 -9.295683363829667 -0.5925965112967759 6.991108990635894 5.782855860937062 3.490853228096739 7.944238051053588 4.943522421083316
 1.642346279050642 0.561156717549494 0.4410374439887335 -0.05930478614575918 6.31099292700415 -15.01231718880945 2.604476773605072 5.190233871192135 -8.128445847209207 -9.575883517895619
 2.544107816221427 11.82208571831862 -1.312078683213855 5.50459308965651 2.683930058948448 -13.25196607400051 2.747983911878123 -2.227176533370866 5.000663369858103 -2.669693329108966
 3.242148014989311 -2.954317612285635 -2.231136068850091 3.73452784938479 -2.412151428644577 4.526072224555051 -2.541183298991442 6.572991164878914 -1.282916135142514 -2.769486348598903
 2.912307707676021 -16.48979133484158 5.587651413182172 10.88287921116302 2.640758655571815 -3.363987225704193 8.166548634157223 -15.0247555080182 0.5368577250467439 -7.876305355015518
 2.758358286838643 -1.462253065302079 5.264005368783387 -9.447311834860301 2.598744244688802 0.6796572236911231 -5.339714525919291 -5.968724055722291 1.962784903799715 -10.95975610992853
 -0.1907480535465709 4.435099383274263 4.685929896324836 4.086016177600001 2.14398188895855 0.0911329424070999 4.02276690224609 -3.487479109618789 3.160735723169253 -2.970049975421247
 9.829306470378398 -3.144430756175623 12.67017330370102 4.903960152980702 -3.019709113097193 -3.238036928225142 -0.8762990238669204 -1.932188482215651 0.2298863640590838 9.135546389329249
 5.911533890369313 2.433731563770579 9.471180436371228 -0.7050520575379409 2.322596026125353 -1.448380570264561 0.4032060196097547 -9.095284769277484 0.7966952768132529 -9.413415785688542
 12.35168183598596 3.68543664167359 4.437290072066588 -1.492102631301123 5.675530699911945 9.801028225006036 -3.526680041842852 6.125895580819872 1.238823709400663 1.16762273496586


# name: DatT
# type: matrix
# rows: 1
# columns: 50
 22.66910290718079 22.23175001144409 22.1318838596344 22.96223497390747 22.53795409202576 21.86472606658936 21.92960500717163 23.30574083328247 23.65469408035278 23.63868093490601 23.47457504272461 23.68771600723267 24.14401888847351 23.86683702468872 23.85883092880249 23.4550838470459 23.28745079040527 23.37250804901123 23.07631087303162 23.256432056427 23.6596999168396 23.1063289642334 23.13359498977661 23.12334203720093 23.13835310935974 23.10132718086243 23.07130813598633 23.09132313728333 23.08331108093262 23.15436387062073 22.16599488258362 21.65847182273865 21.61467504501343 21.72552299499512 21.61494994163513 21.67279601097107 21.58042597770691 21.58932399749756 22.23147296905518 21.64152002334595 21.71262407302856 21.72152400016785 21.63364100456238 21.6530749797821 21.62744498252869 21.60638403892517 21.59363198280334 21.65541887283325 21.91665196418762 21.67809295654297


