# Created by Octave 4.0.0, Sat Nov 19 09:45:09 2016 Hora est. Pacífico, Sudamérica <unknown@HEEC>
# name: DatK
# type: matrix
# rows: 1
# columns: 50
 2000 2000 2000 2000 2000 2000 2000 2000 2000 2000 2000 2000 2000 2000 2000 2000 2000 2000 2000 2000 2000 2000 2000 2000 2000 2000 2000 2000 2000 2000 2000 2000 2000 2000 2000 2000 2000 2000 2000 2000 2000 2000 2000 2000 2000 2000 2000 2000 2000 2000


# name: DatF
# type: matrix
# rows: 1
# columns: 50
 465.5711269446525 535.6084674666207 312.5677549440425 512.068611095448 231.655902309926 553.9677010533537 499.4039127490988 586.1355319546606 545.0202927410782 533.4625134189009 246.9248909095319 527.6698071670958 391.953284992405 471.5933776018323 830.2097413832221 324.7602674709896 468.3749601041051 415.0280877017331 456.4034729190934 590.1405778261361 511.4868919518898 618.3216812645617 649.4680723239624 378.6281087494887 454.4479222112758 663.6347237515761 333.0791366004798 829.5189197731441 456.3949758921022 573.348989342204 434.7067443474288 624.9574946961177 613.5222125069902 334.8726781862727 474.1817695923854 845.5110139406439 575.050041342644 290.7594292913582 345.1552558115703 444.7502044963364 439.4704672004835 708.113923977576 574.8216210794307 600.3917376408336 471.3077807872677 851.0989619179774 561.7707623505097 392.2515909982357 511.6560345478416 574.3325784301167


# name: DatP
# type: matrix
# rows: 50
# columns: 10
 4.270561042951286 6.193047121681133 -12.96014373970728 4.711949466265978 3.260383249154643 -1.740740604646703 -5.555764490193525 -12.33496691698399 -1.665725322119059 -4.399882225563672
 -3.798408195645521 5.974150387967697 -8.502631546847851 -10.30215608075665 -1.225558383112556 -10.10263518115157 -13.79675920157469 -1.944955271984298 -2.06892485780466 -2.254291497730378
 4.235959519202993 7.990819290584113 -6.434092146949496 -5.522148249795251 4.271837144417205 6.988518669689711 1.188425583905513 -8.180951305943466 -4.612085707460494 1.47645044485283
 -6.488933442827374 9.180181900187193 3.529713358831728 10.63306514575316 -6.402004425447743 10.97403156041354 -2.52644186998738 -6.550452540753469 -1.977813260374191 6.748892627959663
 -1.947008223988604 -5.956919289977108 5.502885780745373 1.885102223014599 4.316070280358105 0.9594409943479008 2.282427960336591 3.862250254998742 -9.458289817625641 -5.423109916275934
 0.07287323992389361 3.569551236934586 4.4343545262129 5.534181350551776 -6.146189163567286 10.12111428258783 -0.122524750395371 10.79188293211281 15.25251759126843 1.264275786298299
 1.502506414681875 -9.31193936672085 -9.405019061573242 -9.234066589628682 -4.822321418989674 5.108520114347399 -0.1758682671153053 6.928795086836061 11.50239864205628 -2.648723461017042
 16.52963465599738 5.841381167786423 0.4116574377350872 -4.654215278562631 0.2104952119681087 6.605294984868394 -12.8469312687743 -1.25655668375714 -6.814733078275282 -0.4651878305141821
 -1.734157005694996 -4.458694788401985 -13.39414341551374 -3.466274237463708 -4.208415265704488 -0.8658715791629561 0.9980363233357821 -13.2980652548728 -4.78073662802889 -10.56240250641648
 2.85178600129386 -1.562699591296024 -1.966504941402476 -19.61990655014216 -2.12323776781983 -0.009315832312495331 -1.77049314438672 8.980919012860326 5.732144638252848 -3.594810904771109
 4.801931947488271 -8.269074917783783 -5.832608022731549 -6.961074288077256 -4.389650942041214 3.959346901730882 2.483477383567546 -2.837501459772668 3.626042400493873 -3.271108019318163
 -6.878529642702631 -4.263786487492439 1.879383958704182 10.31615540337512 -5.438149174599602 -3.04128980265115 -5.87062288618921 -12.76757494811717 10.54426915321098 2.177363159399732
 16.34744430662811 -9.158925814476405 -4.554245825740765 1.376443966046907 2.170789251205022 -0.3044976197544713 -0.2763078538465749 -1.427926690622115 0.2928550290108802 3.344629279992361
 0.07882568183963201 0.6205622401014921 -12.77881507881501 -1.911910137051521 -12.90559583899854 -1.267415704615487 -0.2010904758663798 3.254866072849495 0.3207256373117673 11.19599702729428
 17.82649767515878 8.743138183994574 1.477108543850349 3.178153010550517 -2.387855122243479 -5.448567344003749 -3.47256377231291 19.18174042371865 0.3153115918850347 -2.866134345232638
 -3.81489707783831 2.35018807629892 5.500187195186982 -3.899491847507264 -5.261830954853053 3.919353945231663 8.338305278952404 11.25553511624787 -2.600927421327739 -3.632893947953391
 3.857803335769788 -3.466469537262796 -6.065366203395598 -8.518575729116733 -7.530298308169009 6.877777387902313 8.040392967499443 -12.17328431717405 -2.145028976111533 -3.267104067119035
 14.10892779191003 -5.741589400306907 -0.3126808460821451 3.870006199715078 1.515376083853653 -3.625347794560923 7.657127484757282 -1.968626101871436 -7.758853655335656 5.457038274246528
 3.69022018644668 -10.78252235125127 -16.25060113606935 5.587885353682211 3.010341670461912 -1.702323721611577 -2.238880755295327 -2.86763254348574 2.449120287793647 -0.1493418187693152
 -10.14520882823042 -4.323336886002068 7.084152263226812 3.588817448555162 7.836854600422086 -7.843221183205898 4.543216392769196 -5.503795430425043 -13.67990213416928 -6.667423758202247
 -3.961840798867328 -13.7484082794407 3.942823767330964 0.2311128679594816 5.006032125540969 -1.420058263148078 -9.282522214975543 10.27932397251347 -3.820287208374708 -7.594173380269964
 -9.443499223338875 4.487759475934809 1.32426358136459 3.217188789814472 -14.67740395497216 3.963914079442461 -12.30593003061236 -9.71849997836658 3.65600649579558 -2.551019383601016
 -3.167295535924112 7.58633161363268 4.278533578464831 -3.418580467361338 3.710790657489142 2.261102736475664 2.134952399093038 -7.801398694986261 -18.41832465875923 11.32935401943148
 -3.430551602970553 -5.059587967709859 3.030710361373636 -0.2677420107376207 9.582187613118364 -5.088068866145974 3.068386297901753 -5.585841556833472 -13.0730453325273 -1.66589438135891
 -10.4817570403204 -9.513805730652848 3.452700712252152 2.916311832679142 -0.1597804838184658 3.90114049837571 -0.4574395193687764 -14.15870792803351 -3.507123915507464 2.327996758914338
 2.436044153592974 3.647880844211457 0.3286714730622151 -10.32511456428907 -21.18398443304667 -5.766335392357078 5.078583494880647 3.535624806001366 -2.522812915823366 -3.317876409484285
 1.604297825952742 -1.46470212744201 11.32867016700008 3.187811571798733 0.7473139407469489 -1.086969968810578 -0.943557432993174 2.634463730602249 -10.55494150337407 8.299495806253759
 -9.037812118871912 -2.496489282158336 -10.07953467711108 19.23677610780908 5.536426300343706 -2.964274923625894 3.760821849620584 12.04547400616867 -5.872303017761567 -6.065783466286149
 -3.42956064173606 -8.755435627294332 -7.005373253608468 -3.379526031450666 2.698745524641112 8.347166744219223 -10.1510777911745 9.096287491460814 6.088143074114711 -2.769161145580611
 5.39389804212324 4.663922695683439 -6.76589534337235 -4.396418327771428 -10.16462733774013 3.6594123851972 -2.760394553798847 -11.29419592476155 -8.697642667770509 11.39553723419858
 2.068484471193216 -2.582532236148197 -3.182423564932463 9.438353330965327 5.402655663194949 -0.1364592581467718 1.249983355820063 -14.17654146794766 -1.985968913914803 -9.426565757944189
 -12.68603107087651 12.28460089455997 -3.098286387877621 -5.576749070544594 -9.23659596588061 9.377516230010485 -4.456666098442142 -4.713386211690121 -3.829939034541823 -6.512476603123332
 -2.307656073891081 -0.5560365096701219 14.8437361076116 8.967318744411827 12.1685073553236 0.9975682628014511 10.34161585517283 -3.194359942746445 -4.70690173938452 4.331611782665433
 1.289821303317368 -4.306681591562807 -1.126371483997502 2.086007226763329 4.466855554030403 3.191895009105423 2.536250690401417 -15.7078711008197 0.2199274209034314 5.067765932428784
 -0.2710614385706691 -8.90880510974462 4.548204103277641 12.67406951315601 -0.6202811381174911 6.830730760569551 -4.911065760509203 7.30600689571807 -8.70648310670218 3.61669808676362
 -0.2060390206225833 13.67833270329069 0.4975197482510794 14.58006190237693 -9.987346257689751 11.51653828224495 10.83598896398637 8.758333593281691 -3.787154048815765 2.167649906688055
 7.535199542920751 -4.001021102660161 -2.299197046296428 9.715671685312245 -4.576473057161166 2.960979737191778 5.621072296665091 -13.46992678259697 12.61463284650409 -0.8403607443600976
 5.30314566435905 -1.519898122342752 9.98123733075316 -1.245553960916936 0.07756507789056855 10.08774103034288 -2.867788656705159 1.814254063038703 -0.5685771986921111 -6.748476618989457
 -5.085360041769079 -1.023835508704465 -7.957205669985328 -9.408745493651352 -3.256638013273573 2.83626617033535 -4.933954706441426 -0.02245888895232895 10.42893700292117 3.827176331607831
 3.801062781669231 4.917233068729232 -9.009316213864167 -6.535138825305026 -3.704323094054288 -5.376605003086922 -12.19628175973057 -5.272891872621258 -5.660882133591102 5.569467849684571
 -3.47533763101795 -4.872202102662811 -10.14572764138855 11.28792843060695 -5.948969043814003 9.111251372591653 -3.788023271910689 6.175486249824729 0.8737599669534006 -1.283231516527522
 5.199842746653843 7.111841170584341 -19.8832413122181 -12.98155831023585 -1.776403288796146 3.384526455603634 -5.940010864517689 -1.761209407914862 3.687743370712127 -0.1935627019975925
 15.63649625928321 -10.90629032228703 -3.399924667293547 0.09397374510631096 5.128338680835952 -2.687911696786017 10.62325722855832 1.329466998004747 2.759901015862283 6.636509717876208
 -17.06305862376988 7.645719941095948 -3.625821643119536 -7.864700566418776 -1.234946690283891 7.686771612092201 5.786166499959009 7.938065327520206 0.1768186416939841 4.318705494963211
 -7.730874477832785 -5.528844343509959 -2.174951163807322 -6.919923879061983 -11.10546018122072 -4.947512931951195 -0.7644839387925231 -5.810403669195608 7.904409079723294 9.15005149295628
 -7.940551008463416 -2.814760531829421 2.212954531979548 -10.46421261885847 0.3367868936494887 12.80565263928693 -6.420452748673782 14.78991901845565 7.438913051058734 -13.65017622134185
 -4.433777851274698 4.787598210943898 -5.126414061808248 5.376579153974205 16.64418434271131 0.8749151094438616 11.37495367680066 2.38149231895585 -4.573893987301091 5.497965373663419
 -5.890428535670196 -3.783654084920173 7.806927480081782 3.381748016137578 4.229394842652354 2.402808542911956 -6.393705850908376 0.5863096259875391 -14.35159199023217 0.03704507594194695
 -0.02824752177731682 -4.289965243562747 0.4801714518637112 -8.416196285410663 -4.595275201565798 4.091953736999173 -7.404495479616983 -2.181022190462585 17.64410387127903 3.664704382255721
 8.371778719496604 2.181393358888357 -6.955458416590304 14.3883320316101 -5.415042006873321 7.337151198092826 3.940946987815522 -9.217813907666468 -4.285438246872346 6.485700970145672


# name: DatT
# type: matrix
# rows: 1
# columns: 50
 14.19613003730774 14.60174989700317 14.1645770072937 14.16552996635437 14.19502115249634 14.14793586730957 14.141037940979 14.17506909370422 14.1664400100708 14.11946702003479 14.16339802742004 14.17455887794495 14.19802689552307 14.10941314697266 14.17866992950439 14.16052603721619 14.10947394371033 14.20864009857178 14.17700600624084 14.16694688796997 14.19316601753235 14.19161105155945 14.17300391197205 14.13142609596252 14.81751394271851 14.20347690582275 14.15108895301819 14.61533403396606 14.59773516654968 14.56831502914429 14.53917193412781 14.5702428817749 14.57169318199158 14.55802607536316 14.5757749080658 14.6073739528656 14.58678293228149 14.57266783714294 14.58329510688782 14.55871295928955 14.58076906204224 14.56900382041931 14.56124401092529 14.57476711273193 14.54080605506897 14.56743502616882 14.59668588638306 14.61031103134155 14.53525495529175 14.58437418937683


