# Created by Octave 4.0.0, Sat Nov 19 14:35:18 2016 Hora est. Pacífico, Sudamérica <unknown@HEEC>
# name: DatK
# type: matrix
# rows: 1
# columns: 50
 2000 2000 2000 2000 2000 2000 2000 2000 2000 2000 2000 2000 2000 2000 2000 2000 2000 2000 2000 2000 2000 2000 2000 2000 2000 2000 2000 2000 2000 2000 2000 2000 2000 2000 2000 2000 2000 2000 2000 2000 2000 2000 2000 2000 2000 2000 2000 2000 2000 2000


# name: DatF
# type: matrix
# rows: 1
# columns: 50
 15.62781502438955 14.88676469946347 14.31449202139872 12.4255608042587 10.93391633365516 14.91587221954814 14.39675516725567 12.66355639848429 13.68524753389783 13.59024440183799 11.29948234058561 12.15794289636221 9.547561774916531 11.96277927165914 14.46716463481649 13.10373493564012 13.08978477233332 11.38833374875905 12.52466279843068 11.44581109320958 13.6905547918591 12.65687505874483 10.86314142014072 14.32611952412478 11.37075864633039 12.24418206273471 13.75775715096164 11.60957860875324 14.18694208703805 13.0018724377338 12.83309498318966 13.509816221576 13.51195903901192 12.79177330348294 12.31738992524989 15.16094484604308 15.43594969361664 12.26385155281027 13.4880379247013 12.39258162715284 13.5533572122823 13.1841096212029 12.42858903004578 14.51856932145443 15.82545603597081 14.16476456299349 14.42767714528455 12.33054622034293 11.69027060270725 13.36844466541029


# name: DatP
# type: matrix
# rows: 50
# columns: 10
 -9.700147269922763 -1.321417220179974 0.08869211897953377 0.3539052092768138 -0.05674762253880417 -0.003338331544004092 -0.56895880515237 -1.446654324273773 -2.454999345857189 4.591705451143383
 1.023978115109479 -0.1692563444068291 -0.7807956708991526 0.3140619848548454 -0.9626458728698353 -0.005311204649846246 -2.961426936429199 2.32250286139999 0.5546855003836342 -0.7556926873173815
 0.04967326417504481 0.1453006069188127 0.1880096837068663 -1.397781992774433 0.1352447987211569 0.4092125043193029 -1.339676057915621 6.284014124045171 1.590152565942471 -2.111497788657392
 4.949826907318268 1.340393904948851 -2.13726064766173 0.932130239899319 -0.1343813746735876 0.2300494933572104 -0.007912268056323057 -0.1125828096247581 -0.9774010157625312 -2.952897292882838
 2.297430579485351 -0.2541363534967367 -0.2443409789432245 0.218191891499572 1.335316888572684 0.3248707842706828 0.2353405774285733 -0.4555339436687582 -1.152259473393453 -0.7934840376135917
 -7.560480025365504 1.530126467870588 -0.07460492563957288 0.3683798360638022 -0.1235052223547655 0.154665183136018 -6.170269713799073 1.452773606244094 0.09440724375062359 -0.3173311114281354
 0.4086563968579959 1.806392424197661 -0.301283074650474 -1.356719107472014 -1.423212009950859 0.007766923617971599 0.1877083655837737 -0.9901950867342642 2.52873573276932 2.977314235916289
 -0.1879842117252224 0.01151348972599564 0.1242695742713522 -0.3604559691396929 0.1179215925095534 -2.934192513778665 -0.5506198657263219 -0.1886897705391561 1.116359027301876 2.960587366863329
 -3.927373491418553 -0.2773194097155987 0.7048430402489458 0.2562177274469448 0.3050669827373937 -0.3360155352223373 3.839872869278992 -1.346597987659468 0.6448424890828797 -0.4804773953496628
 -0.4344628829589361 0.04110560094890658 -0.03160225834110975 -3.988158736987305 0.2193139625798892 -2.432154792252216 -0.1645028889744609 -0.9981007650922038 0.9531836568121008 2.002421099197818
 1.11525088780683 0.3091837240302162 0.1601095053685277 -0.7066300659887084 -0.174160998131061 -0.2229628074839844 0.6068914207486209 -1.167761901152669 0.1757362648005945 -0.02828828241947789
 -8.20189170655631 0.2047943202798734 -0.2961126245557324 0.4772067633625525 -0.2826648730754471 0.4058017718220128 0.5401706145953895 0.3883279187997566 -0.3253259987744279 -0.4624188388247248
 1.407883197054076 -0.0472334283677327 0.1316521012723868 -0.06399226548643355 0.05715980704740886 -0.02041341841506394 0.04540692981213112 0.740024197248875 -1.649895762340428 4.059565030887882
 1.829500292344008 0.08707729338319581 -0.4569656869448018 0.9574677068403226 0.1465081039442779 -0.4016137578313668 0.002071403059748178 -0.3016016491258604 -3.074909050731616 0.3429016201610864
 0.1359784349462068 1.393316325676455 0.06795017588052943 1.066981274735614 1.694315606193136 0.4936218859715993 1.295999170516822 0.9339377513705891 -1.496184133240146 1.190427026805256
 -0.8772727120511981 0.7289671023961368 -0.1774417881007828 -0.4850452162922778 -1.803329262212905 -1.196820947781084 -1.338747285309491 -1.187611995129544 -0.8050298057703955 -0.6167597411064136
 -1.206179598985916 -0.5325467438983935 1.553362629885264 -1.813532200423481 0.622576400901945 0.3728785514343791 -0.9628684786466337 -0.0961697812909712 -1.843100375364742 0.1219225431578899
 -1.295280028217618 -2.001123493984778 -0.1636539091943305 -1.921310633653704 -0.273726368532401 0.1112117896355898 0.1031862156834009 0.723002173827556 0.2580953128838317 0.05683041429625391
 1.185100521280386 -0.2428592592789229 -0.9258778052853138 -0.301063385132057 -1.22437834360537 0.4734412615748376 0.3123455187508739 0.439437479354126 1.000954425008786 0.2649540042241512
 -0.9187022182513083 1.676652010184331 1.634040226719328 -0.8618763660077668 0.2052145529980471 -1.851332767648138 0.2210185350033704 -0.1241916596792407 -0.01087749776162283 0.748109660772343
 0.4093492479754879 1.867883943661461 0.6429035124807747 -2.184406809639935 -2.477461229893812 -0.05181051033109796 0.7558514082581986 -0.03820139875646333 0.3537419155057755 0.289238954819929
 -0.4818175902350781 0.4882051275403576 -0.1462928950333158 -0.2872522229247707 -0.631513898252372 -0.08912660890026913 0.03486933052957752 -1.410714498243951 -3.440535907096493 3.659554176623402
 0.003558031266951645 0.1205158801623121 0.2507595497538659 -1.998755368796992 -0.7356342029113279 -0.09442110575955098 0.02828520288860759 -0.1937283276221891 0.3131658943041771 0.3251384604576053
 -0.0155720552084091 1.143432713262104 -0.07231476890417454 0.9131186219664542 1.527673894244369 -0.3317077062914287 -0.114368786535227 2.42773131210236 -0.4783086310003242 0.1202664930589172
 -3.863124149933231 -3.286787979280493 -0.2245631936150154 -0.0386143613195955 -0.03047752033128859 1.750426896498311 0.5254443414655974 -0.09482051223139365 -0.2162828231759839 0.3960363042373451
 -0.4230212707538357 0.4052236220835823 0.327664098795438 -0.09286055222227674 0.5775735538287137 -1.070562947307799 0.8499155151465416 0.4918008614645188 -3.051030866802694 -0.2888511639414801
 0.777396955900965 2.333812458684712 0.490356791661263 1.245881046735345 0.4624742922628329 -0.06219420952226073 -1.41032906466663 -0.2151373013204783 -1.380930566293848 -6.327675668031887
 4.080078300934545 4.975903877871112 0.4238402591458232 -2.378276850169986 0.07387865124662696 -0.2525904568303794 -0.0732883795081527 0.07622519172407749 0.09969411242318671 -0.5514347288686174
 -0.2848735385580632 5.006169274743122 0.204920089263581 -0.9602676518543021 1.772359138550904 -0.08586790431771618 -0.7170118030723813 0.3344424481750465 -1.012483677924148 -0.3598477393373827
 1.027047888538643 -1.344667699969563 -0.13485492011581 -0.4492052268601121 -0.3151850759516641 0.9601268629475825 0.406534853182535 -0.4847754677671077 -1.383901616346868 1.796040587752756
 -0.08168444907831329 0.2163128068152353 -0.2075607658391228 0.5235457205076486 0.6346243555077606 3.821107322195367 -1.613407946962628 0.9545834390073225 -0.13013889315528 1.391074275390011
 -1.166381546309974 -2.969114292675812 -3.967091343360124 0.4696422119836541 0.1537047005787393 0.04864134068161263 -2.484782989897653 0.05788667461279928 -0.9954463956191795 -1.05895652227542
 -1.336997785612162 -0.5947653175558969 -3.831600652478148 -1.385716922169546 0.398107448827794 0.01055669171365636 -0.8092567234696695 -1.051252783064275 0.2351481444841141 -1.045284307902918
 -2.218528235473258 0.4718095888988252 -1.676210372890342 0.7124173522886039 0.1074433271697757 -0.5290575089298066 -0.243250704088716 0.01952608504327102 -0.3062985178715323 -7.786563789120724
 -2.317705765501447 -0.3615466613976999 2.426466006847868 0.5403308912632738 -1.388596648222471 -0.3017560550236347 -0.4740436395427174 -0.1610224473098789 0.6784736182732374 -0.8425585403991533
 1.559696324922296 -1.966032679658351 -1.639624885857884 1.770846820738161 0.2183354465434775 -0.5480578259726343 -0.3125905268009888 0.1051346278746728 -1.822111974899435 1.923246803682488
 -0.7664791504892179 3.722884261636615 -1.62089384132889 1.037733993426663 -0.8726421962190862 1.0476595233295 -0.198242178439795 -1.228754221093578 1.446298631828036 0.3707362386470514
 -1.225493837074488 -0.7678237160241856 -0.07734047089805074 0.8542748659336716 -1.099273374594393 0.8069074100338263 -0.7678145832421883 -0.2558941719055454 0.295044137574493 0.8426002977201676
 1.903551113202322 2.522648065416909 1.102121569302746 0.4476521867495187 0.04054735833964429 0.02862828831896636 0.585566030231881 -0.4767389093744683 -0.3216744778276919 -1.318932112054718
 1.037331055314134 -0.9767122452021582 0.9068161696003756 -0.4684188767082276 -0.3275444605518061 3.966572756102295 -0.2838182192411161 -0.7677860414430775 -0.126854360251059 -0.5603794041513162
 0.00713908163562138 -1.074472515948468 0.4688960659863994 0.456632105479418 0.1864066332656762 0.3321359214626973 -1.024751578362178 -1.981272611312288 -0.3887721366394459 -0.6254351209560127
 11.92107630650018 1.175589834029939 -0.6496378767866631 -0.3524651627325071 0.3312990103680313 0.06004844160093725 1.905716517805473 0.2301295201780071 -0.2550347873241243 -1.357108219155048
 -0.5431016646894413 -1.211385214056655 -0.7092742285301128 1.939168960699988 0.2103402931699847 1.357063385522775 0.2875651701745383 0.03321751656588745 -0.3691886137588618 -1.35916260583268
 -0.103529737507511 -3.141547979551561 -0.3965272139161229 -1.3241504071005 3.883568598770474 -0.7590645702391683 -1.252918099354478 0.7866521807507389 0.6775921932700619 0.110947380535535
 -4.979304556613879 0.2591887531073169 0.3648307295319348 -0.05802240638336897 -2.359700628451137 0.6705172939570474 0.7951372198574944 2.694036280893393 -1.88322366116325 1.571399986361548
 -1.978102294935503 -1.447865316105389 -0.06638547641165715 0.1375895869115418 -3.025743208284464 -0.4506905517795978 2.336801987614614 -0.2928525803420534 -0.6028300467283785 4.013480168845504
 0.9332399707008641 -2.318845530364634 0.284791394379031 1.804170932766105 0.5133900393689252 -0.5205192177259228 -0.01295925544583199 -1.901648947561537 -0.9861535657646385 3.829264561003427
 -6.343331162985436 0.02135287145394571 -0.228635399116893 -0.8239103339572686 -0.5522727986959133 -0.4865255039389815 0.9370949046123656 0.3512209985368386 -1.088383465695269 -1.487484548953478
 3.160047652557438 -0.9011441371975728 -0.5184407966503564 1.026329769038991 -1.048876164596596 -0.003967083148385342 -0.2689835557705642 -0.002111452949979054 0.2469457150530125 1.45287051757937
 2.470756572940871 -0.004369232292450675 -0.2085720785818985 -2.421144310549082 -0.7649704999773945 0.0238972406168827 0.9851055808858149 -2.164913020435201 -2.256989289246356 -2.218094300035062


# name: DatT
# type: matrix
# rows: 1
# columns: 50
 16.53119897842407 16.65293598175049 16.6654040813446 16.68144583702087 16.66136503219604 16.61349105834961 16.65097904205322 16.60448288917542 16.66976189613342 16.70035004615784 16.67246198654175 16.64233708381653 16.59581685066223 16.63497614860535 16.63985419273376 16.62126088142395 16.65596389770508 16.63088202476501 16.5817539691925 16.64042997360229 16.73932814598083 16.62723588943481 16.60467910766602 16.58627414703369 16.51354885101318 16.56931304931641 16.54512405395508 16.55884003639221 16.56988406181335 16.5993378162384 16.59223413467407 17.09695315361023 16.54460501670837 16.57128596305847 16.59534502029419 16.53176999092102 16.54171705245972 16.54878687858582 16.6002209186554 16.54980111122131 16.57139492034912 16.52158784866333 16.53655004501343 16.55615496635437 16.56724500656128 16.5657479763031 16.57876896858215 16.52282214164734 16.57419300079346 16.56998205184937


