# Created by Octave 4.0.0, Sat Nov 19 13:47:38 2016 Hora est. Pacífico, Sudamérica <unknown@HEEC>
# name: DatK
# type: matrix
# rows: 1
# columns: 50
 2000 2000 2000 2000 2000 2000 2000 2000 2000 2000 2000 2000 2000 2000 2000 2000 2000 2000 2000 2000 2000 2000 2000 2000 2000 2000 2000 2000 2000 2000 2000 2000 2000 2000 2000 2000 2000 2000 2000 2000 2000 2000 2000 2000 2000 2000 2000 2000 2000 2000


# name: DatF
# type: matrix
# rows: 1
# columns: 50
 18.46522752598324 17.88573571633087 26.88429452890653 23.54552883535916 18.98112724475818 16.09200461890987 12.14034395287948 14.49732220772141 20.26199317486842 11.95402496622574 26.96707931923115 20.34555352449792 9.021238361023821 15.88258774779621 22.20535435917045 17.22830407389978 26.32629047373157 20.0285616355588 23.785432367171 22.4389167783611 18.7672967076447 14.97015700713008 20.8789353192225 16.38909522450873 13.8096218035529 16.3404013575082 21.34855082915901 22.55031153283395 12.67405805696361 22.7759536171356 12.30278132844411 14.56361185308383 19.04968310785734 14.87894951637995 16.81728573226479 20.95866860704008 15.95165409976511 20.72497777264729 20.49380242158387 17.80709124670664 20.02542701893148 12.85874708621369 17.82464760655197 23.79924524126386 20.98291956993533 24.62623433415547 16.93135695265318 11.27733538193081 15.71906531448562 17.18097895587156


# name: DatP
# type: matrix
# rows: 50
# columns: 10
 2.022842637948509 1.047621591955595 -0.9166136471621327 -1.017833184570029 -0.9868620498922747 -0.1069684738301078 0.01676199216407781 -0.06253314133779053 -1.992501186407699 -0.9467213052207573
 -0.009443351440200587 -0.9341581266813899 1.998525568820176 -0.03479035150285092 -1.971850047163111 0.03618858132537728 1.988240223280651 -1.004658623829343 1.020743849098658 1.045272288218295
 -0.9966448604760565 -0.05847698312295346 -1.947681319094464 1.915598336136868 0.04374840412320768 0.9048753079465301 -0.9920897356865472 1.908528288355945 1.927168201035872 -0.9256745824657679
 1.860838796547184 -0.9567909008706685 -1.024057988420129 1.038488706842171 -0.01031783003367526 2.064966650806491 1.899506435594373 0.008080506511091379 -0.02719661202301538 -1.062161905288974
 1.958266215524914 -0.01532011423271129 -0.9401951736652716 1.013382312327546 -1.90306701367243 0.08510559719117783 -0.9358545335077784 0.9150826984337987 0.9560791445965595 0.02180755298600534
 -0.9452411368185514 -1.953229949525799 -0.02595525395144005 -0.002900082580766572 2.020180602200127 0.9197176722876588 0.05543069880496088 0.9985633932499223 -1.029795657888097 0.07669390913154839
 -1.960414347551126 0.9879768328068019 -0.02812510725131201 0.008875389285449842 0.9669691034849306 0.9703548335727126 0.02477535959351229 -0.9158548563412907 -1.035376277089202 -0.06804471489091579
 -0.9862895359543202 0.9989658693669403 1.001432275965645 -0.9337969579243062 -0.9723494272377309 -0.9579228577460013 -0.9481025118077238 2.059665121860887 -1.009541060969128 -0.00168208535761849
 -0.9405406155878193 0.9468570896679509 -0.9540865716780109 -0.01957336831852174 0.9771447855677771 0.905083704187601 -1.894857479384918 -1.964540499649335 -0.01480145540099187 0.9097839695653951
 -1.008176144257073 1.073848906502491 0.07492236588204815 -0.05862363893581346 -1.050013798892687 0.0173906406388955 -0.01358988974253261 -0.1570039929833511 -0.05145866449959779 -0.03399546455616687
 0.02333974901603764 1.998808195121228 1.91057306086172 -1.034111742496564 1.915881182155542 -0.05800720278215898 0.9812422462251655 1.95206856993516 -0.04978875387496196 -2.058361174441949
 0.9215274578772483 -0.9721988131549164 0.002553858645279128 -0.9077581157973889 0.9572008544648796 -0.05945616941942333 0.901890977888411 -1.955443253196103 -1.926873544803871 -1.024137549817564
 -0.9365846381777123 0.07005922127566055 -0.03604034293469205 -1.037043693706488 -0.9521384908700723 -0.9439790069753071 -0.01539238978188529 -1.010031134009259 -0.05504463467786991 0.03621202927109124
 -0.02021486211582868 -0.06228759501174697 1.993877006075882 -0.04752894092385773 1.980370902619764 -1.093413378417997 -0.06346891831652801 -0.06062976051166036 0.9191083763979195 0.02550761576760507
 -1.697544008472107e-005 1.006576157480351 0.02989618595711274 -1.895570444217705 1.878226218870537 0.0009776914492318767 1.064932380587161 -1.922871036357267 -0.002334700413065605 0.1077541162453981
 0.07700122993495473 -0.9925611125377518 -0.9940292066780536 -1.036638201519939 -0.070226864554499 -1.947566550276443 -0.02597384426761717 0.9496249074930505 -0.08481541771503398 2.042464492075105
 -1.002251840129336 -2.013320558942602 1.91250318435481 -0.9092784033409353 1.038172654256328 0.06055824104740548 0.8805488703836497 -1.009716764435068 0.9428326285326536 1.898112494922084
 1.042003325119746 1.044041282951977 -0.9860981552747115 1.068900839880436 0.9549096769536476 -0.9307507276975286 -0.003955111093848274 -1.908291427320715 -2.013590600989509 -0.9397312235528057
 -0.9697336884286036 0.0433771043646507 -0.06337555397348016 -0.01391429599384697 1.894483996531741 1.855254539972631 0.9296337777071288 -1.051618375301562 1.91827787955756 0.01400595914582681
 0.8375990567789824 -0.939282591536025 -0.05412095483431845 1.954911105535247 0.9634996666456823 0.05487821366677892 -0.006102987863167542 -0.02218233395383962 -0.896583604409364 2.087796950094692
 -0.9370604054325451 -1.906932748309242 -0.009380057118901775 1.044213454172162 0.9468347543174378 0.9527899282867498 -0.9550741675938124 0.9840902561393454 -1.97302381304597 -0.0776242945721437
 0.02189521785841375 0.9690325054224305 1.963541699773949 -0.009791411869299438 -0.9329601071470313 -1.029214003801384 0.02305068824457024 0.9770979486104414 -0.9734775893833536 1.944076451114554
 -1.898422586894437 -1.026174812883155 0.9580177624220818 0.02861488368383025 0.01425396952788471 -1.881635193354171 -0.1148997396611584 -0.03984636377572226 -0.9030243625185035 0.07286806386017197
 -0.9913083886799816 1.025835996463909 -1.050280165866209 0.05938218835784514 0.9494596416199741 1.036523611962886 -2.0257679825051 0.9745470350679133 0.05799343947363411 0.8868667371263061
 -0.9269287321411461 -1.969857409350006 -0.9432325140827977 0.04274457883120863 0.9819135369804419 0.9887113707212025 0.958847923621061 0.9775272437628706 -1.009099092006575 0.05542959455441032
 -0.9423402021521348 0.01566040787857226 -0.9886963223365361 -0.9152643151275353 0.9522004268015163 -1.976532839662807 -0.008690788485172796 1.002550076067291 -1.998020793027812 -0.9672667063470524
 0.05794702712488586 -1.906110937720995 0.9153930402986257 0.009185064025290401 2.054667218230713 -1.919763255245051 1.02204656180738 0.001715422682476486 -0.9583501518959991 -0.9923650654105032
 0.002142802216128281 -0.9168822703949768 1.828774628466263 -0.9970906122473906 -1.015626171424924 0.9941255853769988 -1.893649941435823 0.9253271353684633 1.002684029459799 0.0123733073846406
 -0.9698425031896463 -0.9537049243296041 0.01879947405322202 -0.9239669788323512 1.013330225393099 -0.006714126803029963 1.964777104384591 0.000208848975600695 0.09861712586206384 -1.021789185747489
 2.050315280236321 -1.043779651492978 0.9014419632843156 0.01445332642655117 1.905382739729141 0.08174230057805687 -0.9879906801578766 0.9321316672556872 -0.03802604619441308 -2.023449331201435
 -0.0413489955294164 -0.1091121910147859 -0.987994335859752 -0.01222478318968356 -0.009183172397382755 1.911359553462763 0.0009301352128456841 -0.01581172388058505 0.9883497403261448 -0.9087369812718586
 0.9981537378279475 -0.9956370882389862 -0.9386049840295065 -0.9979067840127236 0.9955151890663219 1.01786661458011 1.043634252518558 0.9653354080464149 -1.98589542237624 -0.9588886162335903
 1.014878692820602 0.00863335680222832 0.994947604581502 0.07077394705317275 -1.899647661573105 -0.931225184842269 -0.9576846011425202 -0.07364959288442119 1.965164025849991 -1.074970994338764
 -1.120097937331303 -1.02215734761952 -0.01743217255932894 -0.9953079437164369 -0.9042899043551316 0.03981389451800954 -0.04744665991549457 2.031824154309811 -0.03418924886758212 0.06497996311682019
 1.017139081776092 -0.001873939372612377 0.02052711118027606 0.03058914806716029 -0.03927562687574593 0.995581839203628 1.885538736483762 0.9329090724580809 -1.062116330236474 -1.938336161500908
 0.9473871786588814 1.903373789167842 0.03114359799795174 2.071499871887438 -2.033485078714683 -0.981414526298332 0.0342758398133034 0.9355936593257912 0.03469035241778062 -1.01739088085289
 -0.03862363088904086 -0.9844392813441258 0.0647981696953126 0.9006485980442136 0.04675629701499417 -0.9738287935104299 0.9157991975985045 -0.9472667516464375 -2.036446483410811 -0.9415927685493193
 0.9453521123224737 -1.917905573151059 -1.903090644082863 -2.001104980684476 1.022227088481175 -1.035386968225324 0.04062736962020175 0.05344654817173033 -0.005846185348970856 -1.045049895465527
 0.006537648178684741 0.1102005396418839 -1.048770216599287 -1.914100167355457 -0.9113545250586421 0.05551963757763989 0.9721446542140049 -1.907793037048452 -0.9789025842097105 0.9663476434792857
 0.9685719057615536 1.951643614000871 -0.9708807807858895 0.9947375639227882 -0.9364800450646467 0.01765058267874409 -1.935380734331086 0.07169450793467469 -1.064284952625925 0.9742528006132796
 1.915592844686439 1.004337461486315 -0.04952504444903383 -0.9644165101345017 0.003247382603609239 -1.963495363421123 -1.977648105076934 -0.9550482417340032 -0.9290993766926778 -0.9813237061795466
 0.0299607746677788 0.03754184965071605 -1.919217195487576 -0.006751188747633918 0.9710904957797251 -0.9555686416919018 0.9722630601819562 -1.037609606653551 0.06687534067828427 -0.9341594697230482
 -1.038823568716754 -1.897468181676067 -0.01513992909353057 -0.9481952331656665 0.05571048129390466 -0.021371650956727 0.02770500037839341 1.949597453302919 0.9948244999048974 0.8863155340095279
 -1.982388116247475 -0.9403357688778513 -1.079775623053719 -1.009612039074197 -0.9232338417761143 0.01321776684383202 -1.006748064949983 -1.984951188094455 -0.9114180475912246 -1.903034076294738
 -0.9962185573277837 0.9808017986711697 0.07198720168374706 -2.017700397275168 0.8992213643035152 0.04439574424209702 2.033015618823359 -1.005927653357255 -0.01856988813741633 1.908867570361973
 -0.9325963777744084 -0.05134276036210483 -0.01337906073788631 -1.932411915636712 2.943431560306805 -0.9760898858007288 0.02676649760474348 0.9778008370545122 0.08252470862180417 -2.055466343216652
 -1.035418223783457 0.9552474119211203 0.004551977850529632 1.065564881682699 0.06301377739803105 -1.048890937015595 1.991457086555249 -1.967666844479155 -0.06597495716113144 0.9746617352660882
 -1.021711323305948 1.042167444050444 -1.017262009799431 -2.011136024422675 0.0009414910152623079 -0.9829614772346611 0.02293512512015106 -0.006801264248838201 1.020798428922868 -1.032813168287341
 -1.071553631767976 -0.04356127772511975 0.9904756618735737 2.030342495269945 0.01772703576845913 -0.009051917009121446 1.049428399324603 0.06372517276601641 0.9981592938749104 -1.940810875049944
 -1.010500231355331 -0.003171998821222211 0.1230370507770786 -1.94695297030286 -0.9815809429135811 -0.9696598900552615 -0.005837462209207445 1.061899610132254 2.05791596388079 0.008665881119731544


# name: DatT
# type: matrix
# rows: 1
# columns: 50
 22.8380138874054 22.6982729434967 22.73179817199707 23.31129598617554 22.75046610832214 22.71749186515808 22.68646097183228 22.72379612922668 22.71614193916321 22.73680782318115 22.70239686965942 22.68927311897278 22.72683715820312 22.70543217658997 22.70431804656982 22.75674986839294 22.75137209892273 23.14049100875854 23.12437987327576 23.11767792701721 23.11665511131287 23.11814284324646 23.15381097793579 23.1826479434967 23.14182496070862 23.11150503158569 23.0806188583374 23.2039999961853 23.20073580741882 23.10050797462463 23.7672278881073 23.13113713264465 23.1343469619751 23.11526703834534 23.1158139705658 23.13755702972412 23.12819004058838 23.10809087753296 23.11319303512573 23.10473084449768 23.10938811302185 23.11654591560364 23.10066413879395 23.13015699386597 23.10048413276672 23.12334108352661 23.0841338634491 23.09067821502686 23.13987493515015 23.13164901733398


