# Created by Octave 4.0.0, Sat Nov 19 11:24:16 2016 Hora est. Pacífico, Sudamérica <unknown@HEEC>
# name: DatK
# type: matrix
# rows: 1
# columns: 50
 2000 2000 2000 2000 2000 2000 2000 2000 2000 2000 2000 2000 2000 2000 2000 2000 2000 2000 2000 2000 2000 2000 2000 2000 2000 2000 2000 2000 2000 2000 2000 2000 2000 2000 2000 2000 2000 2000 2000 2000 2000 2000 2000 2000 2000 2000 2000 2000 2000 2000


# name: DatF
# type: matrix
# rows: 1
# columns: 50
 -385.8235058242143 -377.1986163725099 -373.6916301916715 -376.7241311042588 -376.7448948340996 -377.042231638333 -378.4731012975515 -383.434033263051 -378.8515597222901 -367.1284027460536 -367.6333646305376 -367.0694841065281 -383.5099662670566 -370.5271700417992 -378.0816087175494 -382.4934485397345 -379.9337516871736 -380.5763536132004 -378.7962310889284 -382.7076705954153 -381.2908801866357 -380.1203060964449 -376.4199519422012 -379.4680582052411 -379.3021702012983 -378.991840634243 -367.6636998759763 -378.2320748159565 -361.8561141185546 -380.0061901097699 -379.7207919176801 -373.0956949817278 -375.6971945428735 -376.9250592835542 -380.1093409950223 -383.568115012957 -380.9254807523067 -375.7864406778599 -379.1395049606959 -380.5788670530202 -378.1965059765045 -382.2933690431559 -368.7770942212367 -370.2585566107845 -367.343096077249 -372.0102487431483 -374.6269415227794 -383.9329869246467 -377.3168080907527 -376.31189431978


# name: DatP
# type: matrix
# rows: 50
# columns: 10
 -3.026335702225234 -2.817490711418923 -2.917710196732352 -2.707917065528366 -2.748075712529448 -2.911682123302247 -2.820387357754665 -2.546160771530021 -2.50856990722902 -2.891019167511339
 -3.005498924388998 -2.727657704186914 -2.421659144218005 -2.744261672628522 -2.45320391705182 -3.031305356532039 -2.844114988280665 -2.691807733383989 -2.390177555660413 -2.533089223261727
 -3.174916701526199 -2.998136255427658 -2.485001626070043 -2.506027238498981 -2.689315112289982 -3.025525447263976 -2.489982283319768 -2.543191810604063 -2.483479268308172 -3.30848926639729
 -2.549251446556222 -3.159188616485038 -2.471065038795867 -2.491655520181606 -2.845985698236371 -2.82244218295631 -2.439752552266289 -3.052919337287407 -2.963600205912397 -2.480978290419451
 -2.354230307245992 -2.498552098180652 -2.549084216561089 -2.550660477261923 -2.924063136040088 -2.952056949048362 -2.886098829640586 -2.546073267739165 -2.554698708709291 -3.061337299555463
 -2.788651156483019 -2.926379502250685 -2.519798074569261 -2.261735747882789 -3.22826096898431 -2.719407166523156 -2.770750828070237 -2.981095302163893 -3.106535255596293 -3.278760315985992
 -2.808691818622819 -2.703699004260006 -2.497019056360711 -2.520156330000319 -2.286489611172921 -2.545818181242691 -2.955789194538344 -2.810602960718756 -2.887989744304272 -2.782510062662641
 -2.873845524399031 -3.00402114821921 -2.729292421621571 -2.452001140694279 -2.789033545089689 -2.763027115074532 -3.056575495213158 -2.682057543677235 -2.476459823455054 -2.848391956372422
 -2.810324829725507 -2.518407780434634 -2.544623933639266 -2.804805493710481 -2.500305618103159 -3.021461744889249 -2.849350535257031 -2.505790586303525 -2.482323660905839 -2.725800401401981
 -2.464435161928882 -2.473980357553184 -3.255352065922164 -2.84061021467875 -2.86091436041738 -2.284273778030506 -3.313791297214002 -2.446082071493482 -2.489760407786306 -2.529310730378852
 -2.437607627118978 -2.517848022859237 -2.667822355982701 -2.088065272547596 -2.548999949525962 -2.762026898620257 -2.22667607640605 -2.70795683926079 -2.891282429678913 -2.860646243302476
 -2.558482049684961 -2.521942677180937 -2.694626495224472 -2.117850393631072 -2.583991241138603 -2.500842584650533 -3.042288548037194 -3.003267743497587 -2.423228901009012 -2.383920240009785
 -2.665348699596546 -2.783622786385703 -2.559777372311799 -2.761070023459914 -2.54512063322578 -2.76292758396043 -3.210230603055172 -2.950959368183328 -3.102313749775511 -2.88751384167239
 -2.575391606148445 -2.673859743905151 -2.318821694607023 -2.860077711401828 -2.417245625237827 -2.539297452103196 -2.476309102605419 -2.941574595331197 -2.280803597846831 -3.007161283179646
 -2.548869816195139 -2.860505416600358 -3.000620731695967 -2.476730265672644 -2.873504273949609 -2.395848248581139 -2.554985335823112 -2.89986859565848 -2.456811228300626 -2.799584427533552
 -3.034756562173096 -2.400541952232601 -2.924767210691096 -3.008312052100433 -2.716242613402401 -2.841463300420157 -2.40930259285385 -2.807271031347971 -2.752738046926917 -2.775938729775778
 -2.926502220242157 -2.556762088593072 -3.033452238946873 -2.896065922735842 -2.820155593736128 -2.985384817256894 -2.463394896070701 -2.440910302455602 -2.433472974653367 -2.839834529517392
 -2.259955487304978 -2.961458897276909 -2.846711340157539 -2.988318381144988 -2.757305964884853 -2.511569105963802 -2.758542867583736 -2.98569270989236 -2.923708721904868 -2.54143641268821
 -2.892274628935937 -2.689574877006013 -2.548373033385639 -2.683822066095627 -2.480450484286415 -2.472554550300647 -2.630290019270544 -2.773286885527583 -2.939711173607937 -3.262820414887267
 -2.555515056829867 -2.741387733799794 -2.884141305817787 -2.575456642639005 -2.509613457154116 -2.99967363288946 -2.614805660602104 -2.862006607709787 -2.635501195695801 -2.94180800585354
 -2.876076249165898 -2.503362683411276 -2.54270109361025 -2.914995559363415 -2.815880222825333 -2.497534263338439 -2.855684905631756 -2.548597248475916 -2.707130835709301 -2.685154714343117
 -2.485910680945424 -2.960443441330575 -3.141866285115989 -2.465163861121292 -2.525410139020281 -3.068047358751268 -3.092322364360242 -3.056916864201317 -2.737367328015516 -3.106747234225526
 -3.309897270114961 -2.950900565966083 -2.571192185785703 -2.806422523392295 -2.470822881217397 -3.247394131482924 -2.705262040552809 -2.487394559438743 -3.087347367614619 -3.152529372484078
 -2.478984153698541 -2.661033929568519 -2.636586134713701 -2.852656615136458 -2.814058898745091 -2.558014573138193 -2.541605566497759 -2.597953782435783 -2.859561910985355 -2.54628964221095
 -2.846848204789908 -2.536451078336515 -3.057081928089153 -2.431629913429727 -3.225343063236399 -2.543565952461093 -2.634765275028147 -2.682775929924994 -2.703435290810765 -2.940694045185087
 -2.515814067478902 -2.886501218138775 -2.740123708901375 -2.381429855878097 -2.754148772341681 -2.668328226861401 -3.233951130644665 -2.773857455534554 -2.824107152132377 -3.247889709310023
 -2.305010339001201 -2.977447927355078 -2.554408079143573 -2.958508312313923 -2.889131307138662 -2.727799868193745 -2.225454205924074 -2.293295162225064 -2.438312492798128 -2.556780574377603
 -2.513816458116881 -2.518034624140404 -2.931494888125828 -2.540387869533009 -2.584359098579912 -2.703238453102409 -2.555885553415835 -3.125891393110548 -2.899101312069827 -2.554835924562029
 -3.05191756857917 -2.535591683741481 -2.501996242086912 -2.306925089413321 -2.543867045249673 -2.484122988785996 -3.425786984178018 -2.536628515999594 -2.367056235129473 -2.40727894430869
 -2.885297260193659 -2.956942479445693 -2.720870109406539 -2.527174582760542 -2.84315910121632 -2.368163814599161 -2.874296805320732 -2.966034587382499 -2.46795626571335 -2.557461244594287
 -2.52286129174727 -2.840372912643655 -2.53935570878893 -2.827543530000458 -2.488665077294635 -3.000097508117034 -2.502111471723344 -2.519171997215302 -2.933201569526378 -2.992468824967164
 -2.538224387969664 -2.485930155347494 -2.506344306002912 -2.927946014462854 -2.469085608701492 -2.490965169425551 -2.51999757496611 -2.635719283875629 -2.478135870899409 -2.816865904985002
 -2.55673139011485 -2.555906549748003 -2.978361163645301 -2.430134386698702 -3.088465009838463 -2.796467465219877 -2.519434493165168 -2.538322787638596 -2.453263715337185 -3.111639504269054
 -3.232449151561831 -2.521237980555461 -2.9986908394689 -2.980267623498368 -2.825842567218539 -2.533316552769199 -2.836272302700354 -2.531369070168376 -2.480345134119855 -2.442152537236995
 -2.954856121971351 -2.430986255983815 -2.655470952373693 -2.803881542367773 -2.902639355866869 -2.857082919610963 -3.097362968683427 -2.416006187627907 -2.478825159426188 -3.010304785355477
 -2.885112404061984 -2.958166777773863 -2.773023567033619 -2.889466756342514 -2.752990708706442 -2.539212649520335 -3.094759624213146 -2.515713034253245 -2.528221038933612 -2.776068716106646
 -2.547529850136398 -2.751899480727966 -2.704420729708978 -3.054457536473743 -2.583604577984833 -3.032920537352278 -2.512887401636347 -2.491539130117246 -3.046163376033118 -3.024387886955988
 -2.849956300391131 -2.486563393603476 -2.412729845176311 -2.907019228472105 -3.068287916615578 -3.01283771662371 -3.017230239346225 -2.534670480619932 -2.281676546165557 -2.610735636633259
 -2.578565038573132 -2.945271879940303 -2.485702043603565 -2.960650085269595 -2.420886363665493 -2.982909862830587 -2.685055473652647 -2.552135788332614 -2.934125407620261 -2.541052731554817
 -2.860338889940033 -2.503121867384348 -2.816556597558786 -2.468596986587426 -2.689686019998987 -2.46433639062499 -2.824061487002357 -2.754762095717268 -2.707952917945716 -3.136621511638634
 -3.013808324470693 -2.311455669159124 -2.98631467877266 -2.878875962926533 -2.80240051819188 -2.530554296877021 -2.550102369394081 -2.492678752298908 -2.626821277644972 -3.025209556281226
 -2.823747904805523 -2.705269723442509 -2.521686802040507 -2.490008149649439 -2.547313218917605 -2.856391514076214 -2.840056050626736 -2.914806629701305 -3.192987048462914 -2.789739081470105
 -2.627796084043132 -2.313173408040844 -2.742796677333701 -2.552049086447747 -2.425896556357809 -2.591668877732239 -2.488706523831415 -3.340083002360625 -2.455608225072906 -2.770353069139313
 -2.652393286806272 -2.504535267632051 -2.487421611528315 -3.092895464211854 -2.967160298808647 -2.43577975703313 -2.515269611980441 -2.554225008469033 -2.290671526992597 -2.532409190963753
 -2.47995652047859 -2.868613715080927 -2.42640861129291 -2.359722397977892 -2.462990447114447 -2.398988381976953 -2.58144051244498 -2.977349310203698 -2.460419820676765 -2.462191291804645
 -2.672473216337039 -2.564737212564831 -3.247457039789642 -2.514134947787637 -2.408125917966304 -2.377909510041194 -2.80086824057799 -3.031631882920568 -2.557285351287554 -2.486394876893074
 -2.517148298825757 -2.523608139138404 -3.219866115884069 -2.36525922616802 -3.152195424497711 -2.933829117475935 -3.266053409935456 -2.759149593395699 -2.531474529783965 -3.041030041709317
 -2.907991674451827 -2.85203229008455 -2.785621429962816 -2.799947345761466 -2.396363853494377 -2.872662914229969 -2.970870478286603 -2.670578990262806 -2.510736480112761 -3.023511435076242
 -2.178733258598504 -2.557632981520129 -2.98057240723007 -2.834501772431791 -2.686596345436749 -2.943176262288349 -2.542860396411145 -2.800350586010029 -3.003664764821032 -2.523683835174624
 -2.43177730573248 -2.62310892632277 -2.982944480761238 -2.637438000497041 -2.439343988875912 -2.866902773885427 -2.790321298895217 -2.555707818400084 -2.35493119260147 -2.96744292935653


# name: DatT
# type: matrix
# rows: 1
# columns: 50
 33.67492890357971 33.29902410507202 32.78072214126587 32.87090706825256 33.01504707336426 32.91796207427979 32.65859889984131 32.75744581222534 32.62824678421021 32.73335480690002 32.73371887207031 33.01092410087585 32.51126790046692 32.59799194335938 32.68099999427795 32.57009100914001 32.58508992195129 32.60316300392151 32.60638999938965 32.46236705780029 32.62310290336609 32.62231397628784 32.70324397087097 32.66698694229126 32.67393708229065 32.60840797424316 32.53808403015137 32.62862205505371 32.68700814247131 32.67424607276917 32.63588094711304 32.53660607337952 32.6008780002594 32.57694411277771 32.49500107765198 32.69592618942261 32.56087493896484 32.45917296409607 32.54100012779236 32.44361901283264 32.46849799156189 32.58425307273865 32.50066018104553 32.52561783790588 32.46166586875916 32.54745602607727 32.51352787017822 32.5598578453064 32.45983481407166 32.48853302001953


