# Created by Octave 4.0.0, Sat Nov 19 10:29:04 2016 Hora est. Pacífico, Sudamérica <unknown@HEEC>
# name: DatK
# type: matrix
# rows: 1
# columns: 50
 2000 2000 2000 2000 2000 2000 2000 2000 2000 2000 2000 2000 2000 2000 2000 2000 2000 2000 2000 2000 2000 2000 2000 2000 2000 2000 2000 2000 2000 2000 2000 2000 2000 2000 2000 2000 2000 2000 2000 2000 2000 2000 2000 2000 2000 2000 2000 2000 2000 2000


# name: DatF
# type: matrix
# rows: 1
# columns: 50
 3.736164725425772 0.8973926870581155 3.630816239677966 4.068169000424729 1.453574909433601 1.40343658735892 3.124957078709186 1.162209089252747 1.231272270203065 3.367339469703666 3.249176069128801 1.364154366933253 2.606300175565851 1.496084639476861 0.8600140854683137 1.388726667272885 1.905416390986454 1.804946982943453 1.103179364961948 3.193692301175922 3.315765308346625 1.215127495933836 1.113914923171957 0.4353214425094855 0.9033379840816421 3.407924517782004 1.973656951965396 1.812832222268932 0.4830835536490969 2.842413164637416 2.269007742490976 2.791015370560367 4.019253651397255 3.761484748862263 1.333389544821145 0.9177809564931441 0.8402774726317663 1.05190672661329 1.121070650696883 2.981507336798999 1.16849920051429 3.982924715860739 3.003563237987316 1.8201602544908 1.024715564747549 1.069984728012147 2.776721541069308 1.847167603934464 1.451119893919283 0.5274349972151795


# name: DatP
# type: matrix
# rows: 50
# columns: 10
 0.9690948031164925 0.08967588513802127 4.052517871874635 1.423828956581652 -0.5523065082181429 1.036285645717857 0.08891030414848089 -4.403034285403566 0.9842775734104521 -0.9594120823420216
 0.5095357218324708 0.8906845213310248 1.365436748206285 -0.0855445641721797 1.740347196216099 1.176855317503129 0.7127339922979914 1.203297745637258 0.8417195173054708 1.677243043420011
 -0.6501800262436532 1.449731313810661 0.2604784915829814 3.417768817647513 1.14710271398925 2.523011193452559 -0.3636183309221952 0.7541548648832919 -0.2504793100170009 2.928365100134863
 1.352048455196753 1.258072599780492 0.5705310960568397 0.6377601079680524 -0.1191832706904066 -0.6293981604199121 -4.178535945735997 -1.182570128916932 1.041159922209921 0.3300487139870896
 1.351912671130238 0.1074965620140844 -0.3396685320707178 -0.5012863206884557 0.6817865191648949 1.467616491105101 1.191289546736485 -0.07319168467828874 1.747886761192596 2.897474891844094
 1.412012271144384 -0.7423080124526393 -0.1835355517330157 1.047006424818562 1.182790226707521 -0.08882983816907242 0.5268927156085805 -0.3064348599229803 0.8469245713453244 3.266796865912571
 1.462994007711906 1.518659608524171 -0.2344002440449344 0.239065718452327 3.197180874679169 2.510003742763764 1.443258034237964 -0.3547666617318281 0.1259518889496611 -1.034681949208005
 1.34831966770925 -0.3341567684049878 1.175953817114262 -0.4111121366091943 0.9370724295547443 0.9754216290856697 1.237031130190141 0.7927353008227982 3.57753888577855 2.636423587801387
 0.9600864671336602 0.395791585289393 0.3097035090843185 1.095834023621485 0.819913988710395 0.310895856492829 3.402055581003522 0.3683558998104424 0.5261597618319733 -0.7420927502634811
 -0.650503718536676 0.661200245124423 1.679269592756752 1.908087932940937 0.435948869236876 1.018204984906399 0.6552878521712238 -0.05297643849208811 0.919026277082299 5.007242672927559
 1.884134956751529 -0.436548069885017 1.515883450889364 3.324688345140475 -0.2265466756588523 1.418924994328041 3.779999914381841 -0.3075660463593799 3.664387799339837 1.697979924617167
 0.7888273233794791 0.7078948644292105 0.749330597284823 0.8264651813472543 3.717404142857839 0.1313800536813918 1.646447309291567 1.04276647256863 0.3239347487045006 -1.182433829057782
 -0.546779300386504 -0.1661420744136777 0.4368336072745915 0.2389192007476186 1.484809418585373 1.021919943708861 3.396686427780502 0.9337183324930578 -0.7342667859147127 0.2062208563809911
 1.572725398988306 1.713432589501148 0.02790646078220682 0.6210236608262534 0.01840870743769685 -0.5198931458672451 0.9713437076824309 1.135415740904628 -0.06107255616393026 -0.446478955165535
 0.7596974055586898 -0.3152699738359495 0.610216273237203 1.376150949186471 -0.4332617984998546 0.4022428374097302 0.1108270903573096 0.2980472644059695 -0.2139637458102293 1.673720091609262
 -0.4022448527772298 0.6973004671843128 -0.09051542558187187 0.2636483427714253 0.6546355531851251 0.2425435441918768 1.048736592314704 0.5568424590112286 0.6074525737152996 1.26553266851721
 0.6832829676957157 -0.02816251962950744 1.713560440300038 -0.5877724143304945 1.021822372826216 -0.03067580724757413 3.984810695597789 0.8497337771072111 -0.3529877854829575 1.962902330094813
 1.445046292324859 1.341784785950374 1.300799521454977 3.551965104465314 0.5320154259626442 0.9288887367835876 -0.3730628571442978 -0.2442102520953782 -0.7475856720366121 -0.5691066319943978
 0.3774835183517187 3.822955590490247 1.142499554811884 1.181312505327446 0.3779699552628806 0.838940039360164 1.160370740658109 0.6535081474090596 0.1949512303333716 0.8306707534605469
 0.9461541991584319 1.446624948335545 -0.9941714483684123 0.7876737258294728 1.263260751843566 -4.272238387545339 0.9575761627309749 0.6438721281688924 -0.00155665478815159 -0.1633393484013634
 1.325341669621867 -0.4223589479458401 -1.093981183043411 -0.6255073190936873 1.001320896724797 1.027629616186561 -0.3715732622745112 3.840911275306429 3.879668637796858 -0.8683573321863811
 1.330212677753771 0.8228896477187764 0.7100803129677296 0.01032362892150651 1.188399642237304 -0.4881972681705093 -0.2572387926566346 3.583027223407345 0.8825910889241015 2.204927094688919
 1.270002886708498 -0.260192673996281 1.404231669480957 1.36572781808851 0.2157592367810715 3.72151336790456 0.5550244709249643 1.129357571739563 -0.3155271706430192 1.19285638200815
 0.8188854604334441 1.408842554997713 1.390389654666762 1.096382945729042 1.065557537553342 0.752777367418286 -0.2243017474037483 1.068778314624319 1.293127286521823 1.39287316935731
 1.260283323395052 0.5256627603758748 1.460106612617746 -0.1329742715102213 0.2084451622439101 1.452744467138301 0.836744636584033 0.7511403140624715 0.5575428367248882 -0.4615930146627267
 -0.2027408023066624 -0.0781493050092763 0.7345445445052405 0.6919216581834622 0.5574148155230709 1.654537569089932 -4.385785202664504 0.002909996583195351 0.1976664422916574 0.5401185986940256
 -0.3364611710652259 1.058263878261853 -0.07708917477458144 -0.1027158071159739 -0.1037157205068198 1.378573403895201 1.282780833903535 1.522073742422515 3.797839572994409 0.6775249395675118
 1.116728869714704 1.528403478265421 -0.2214120593643063 -0.6570319937987996 0.6200185612783393 0.4575847233735022 0.7851514112945921 1.232549102610328 3.185053360405382 2.577776961379923
 0.8690511255949573 1.185039213273503 -0.05985237952721967 1.025555807977163 0.9749453921212083 1.127292963396494 -0.03963132741788122 0.698459689922668 0.8803723081323565 2.636643193882762
 0.5492580449592399 -0.7125161834509068 -4.212219843445244 0.4529469125935179 0.1906121311556142 1.048754903062395 1.141914573640468 1.30379608319819 1.317797613778813 2.922564743177363
 0.8180990046487491 0.7664772709932244 0.8038898309707427 1.52939166157568 -4.299017126156465 0.6009742527043311 -0.2575946592342291 0.02036342364597843 1.086617525183415 1.190907550958185
 -0.897395963078079 0.1053622020485108 1.183879333225137 -0.5391158890071495 3.652029178824348 0.9288766776114379 1.060642951091943 -0.4325361243915999 -0.3963682832923823 0.6624524404129719
 -0.438583231481747 0.7462023282669037 0.3216685506425048 1.673115316558954 1.513485945439292 1.134548698505149 1.443935011671579 -4.394212959648555 1.451647018589762 -0.3335283873833159
 0.5467533513385092 3.898098005207059 0.6611240755252261 1.193466579975187 -4.146726063169432 0.01879079860379917 -0.6939916716171641 -0.6951821353530079 0.6806708542378352 -0.6520640283657553
 1.690157994423098 -0.2355221310071478 0.7222578725149003 -0.4211339733971577 0.06202132393832294 1.181655621880715 1.345568936417642 1.603551872218681 0.6916720962569958 1.192943422470099
 1.018690454842794 1.186541943284052 3.516135368167001 0.07522271549560244 0.08007156033301754 0.8931348574365732 0.04993300517544341 1.217622552253371 0.7367159045342735 0.2871120602877895
 1.328191956968396 1.01675117137717 -0.1354927215657344 0.7550976096927293 0.1491212338811199 -0.2187496736959247 0.2888326941694288 1.134268307836953 -0.0427089857477494 2.665285023150011
 0.3917594729514953 1.088935523479773 1.45188262261018 -0.226719720704665 -0.4627315504711547 0.6313034495929291 1.405373285566039 0.159620673767348 0.3804804814367539 1.594310132828811
 1.480213355212909 1.0421852048277 -0.01585039459320114 -0.2646619739617186 -0.5950907306781854 0.1603362650718196 -0.03116526761016303 -0.1533915954138259 -0.3080853533549384 0.8973620155698789
 2.293432981067939 0.9892841587533958 3.629189593461449 1.163688908822818 -0.05117463591905569 -0.6381569979953863 -0.004983597573318121 -0.4810814915635309 1.255849432895978 2.038883084431433
 -0.2202066588150782 0.9226809854259876 0.7807360912221366 1.235277173805063 0.3433069849792201 0.9097436748230745 0.8546945071097234 1.192783721021234 -0.3838158637168227 1.90109647072641
 -0.6099297992136048 0.4917563673752436 -4.162599073803586 0.5053134869758846 -0.7937072600572499 -0.2183621105003777 -0.01856832492201121 -0.3780551209288312 1.274172857197389 0.9581084821946497
 -0.3777328459195921 1.607655746162372 -0.5882975185180417 1.860453131055184 0.06834944211757232 0.8420187761324698 1.803622093254685 -0.5215183860510351 -0.284687174536101 2.962095076338162
 -0.0762062709330209 0.3003305454705707 -0.7274374209036161 1.629050835441845 -0.4332425133559195 -0.007814560340221988 -0.377694452583011 1.018681849276685 0.7079044462833117 1.091539462763071
 0.588066593302166 0.9603218097289226 -0.1729508443901899 0.3079865749543682 1.159085442017965 -0.2297915782045674 1.75331879113129 1.321197255133743 -0.2662941776735028 0.4760855607691195
 0.7971561797996305 -0.01352264112943402 -0.1678747508055238 0.09687169458664968 -0.6728949046761876 1.070317915259039 0.1123528446991706 0.6864005072954988 0.2792026327743926 2.312154125583445
 1.327305360214549 1.52203835893132 -0.5959354745958834 3.106640753805937 3.113676450641337 0.6142382929487731 -0.2915740591207996 0.4853506348098939 -0.1484477825220836 -0.01360523569024252
 1.20722354946777 1.361174567032727 -0.5623541115003263 -0.6580039403730851 -0.765676089397914 -0.1798355727448495 0.2272225260466332 1.462790530173017 -0.6734227335643421 0.5409819326834295
 1.092483557408167 1.447818641796212 0.3530927891201028 3.359319481290584 1.557515481150613 0.6862245165782443 1.04866885249448 -0.2843886416313914 0.8678387795621081 2.941828862505433
 0.9135976680805964 1.155095621547499 1.293121288949962 -0.2642606712843705 -0.158147895309078 0.9187132798648925 -0.1119699098857811 1.29556833777786 1.386320494244087 1.461259083049159


# name: DatT
# type: matrix
# rows: 1
# columns: 50
 52.94927287101746 52.8864369392395 52.54187893867493 52.61662888526917 53.18595385551453 52.61464905738831 52.50036215782166 52.63419198989868 52.65133285522461 52.66645812988281 53.08361387252808 52.70884609222412 52.59476804733276 52.7065851688385 52.60775208473206 53.24339294433594 52.73672008514404 52.55959606170654 52.69046688079834 52.674968957901 52.62993097305298 52.60535097122192 52.66345906257629 52.65653300285339 52.57251214981079 52.65421390533447 52.65466809272766 53.41928100585938 52.62161898612976 52.62466907501221 52.63436508178711 52.61167597770691 52.6202540397644 52.58776593208313 52.6620500087738 52.6699230670929 52.67934703826904 52.68533182144165 53.19515514373779 52.61570692062378 52.59951710700989 52.53348302841187 52.6741030216217 52.63328289985657 52.64346599578857 52.6632399559021 52.60749506950378 52.78018307685852 52.62912487983704 52.57390999794006


