# Created by Octave 4.0.0, Sat Nov 19 13:28:27 2016 Hora est. Pacífico, Sudamérica <unknown@HEEC>
# name: DatK
# type: matrix
# rows: 1
# columns: 50
 2000 2000 2000 2000 2000 2000 2000 2000 2000 2000 2000 2000 2000 2000 2000 2000 2000 2000 2000 2000 2000 2000 2000 2000 2000 2000 2000 2000 2000 2000 2000 2000 2000 2000 2000 2000 2000 2000 2000 2000 2000 2000 2000 2000 2000 2000 2000 2000 2000 2000


# name: DatF
# type: matrix
# rows: 1
# columns: 50
 0.7981589035082854 0.8763103317005887 0.7470946838442105 0.8456683196976786 0.6465302767424256 0.587655786574485 0.5291608685950551 0.7532676812626431 0.871831335615206 0.8767584554676928 0.6181570783754705 0.7918898250746845 0.8051806916259157 0.7248801232513929 0.7780823849096929 0.5673592831458821 0.8238123831499264 0.6687708958791176 0.7012387893465779 0.8428221993877764 0.782385695315813 0.762262033969159 0.78975288562276 0.6597859101500956 0.7335149764259592 0.9057434424013514 0.6391394389749482 0.6825851348367805 0.6349769350907875 0.7751099932546387 0.7239891825544825 0.7785714585956144 0.773036892439013 0.5189752886192495 0.5662320818428557 0.5669773916766379 0.7484712814058387 0.7935841023540564 0.721723378387406 0.7289583232796808 0.6267568685924341 0.6461166385765207 0.8219676831766043 0.7345370459338403 0.6677214396645432 0.8350936912087401 0.56217211384498 0.7888086248559644 0.6308751658028364 0.8551317359410812


# name: DatP
# type: matrix
# rows: 50
# columns: 10
 -0.4259232870485263 5.229367369206763 0.4283763198604262 -0.4605503500447057 -5.969805287855678 -14.74598640549151 -8.824540659824223 9.55451895602851 -20.30886573372328 -20.41504814903457
 2.720198958152395 4.264905092763243 1.440845040134661 0.06201704213714265 21.4756933109779 16.00286596409751 17.1006088043824 8.525408006024485 2.290657361893217 0.5835893107819956
 3.285251003902239 -4.404128650416538 -5.32464645935336 -14.48328543025535 -0.4876506754503538 -6.653911018708328 0.3008816730019177 -0.09225204908042883 -17.64334378664684 1.510242465111794
 3.58857032120212 -0.3131003807087041 0.2436273752666622 -6.593101489721988 6.018483721578392 1.383003595721114 -1.294349901173788 -14.64912968027843 -0.3616351291842506 -9.364353742475366
 -3.749533765634396 3.468496338476569 -10.79686306835428 -6.215633606967657 0.9225639978021007 -15.16903107664363 0.04369523589961943 0.7163088612748822 -10.8901562605396 0.5268612319473718
 -6.22305524871647 -4.831451537897763 -4.338569886162382 0.3979097779396383 5.583326299852693 -0.6431544120920449 9.193676557569411 0.7432684456496119 -8.627233024943621 -9.221549085358873
 -0.07803015810175395 -12.37134125345835 -5.961220327895681 6.197837293581138 -6.977450313076567 0.01639355782573659 -16.52583809588261 8.960027769407098 1.047876699841296 -10.97780956175573
 -6.705651871067587 0.6458824981115399 -0.8417538193051257 0.4255759600259097 8.140489633531743 0.3440313701051707 -14.8112782065844 10.28257999938458 -10.09696282222657 9.439088198323077
 16.57799462588316 -9.252532936770194 -11.58421979249541 -0.2435746405810661 7.954209343968571 7.601001673681459 16.24689379993129 -10.20615593548446 -8.114176379384041 -9.563836153356135
 -2.940059275309011 -9.645909380887723 9.662644613817669 -1.187783326214401 -12.2574308859496 1.155612779121981 -0.7622298272970198 -10.02840863835448 8.572691711341186 9.955742643669467
 3.254023315051434 3.982047230741941 -0.5640706408944993 -0.01961701659640624 5.666659508420402 14.81836474883022 7.820689443413194 1.213140771006884 -1.046442721372884 -18.64727531716985
 -5.853160457678179 -12.95155903195605 -6.149187157694676 -11.13759133792077 -6.589572890203804 -0.4583592859948666 0.9823771807086672 -15.89135939445067 10.01042920130204 1.048202120865469
 -2.983387037741508 -8.80244015475801 6.687244887468012 6.964441716224393 7.166591900893003 -7.744135419086653 1.049202684181225 -25.57319850236633 9.579819634709182 7.838160464469034
 -15.46560865469061 -0.1237472680714973 -1.207317208946925 0.6541310921881234 7.955966487368599 8.353406517251962 -6.194468021436656 -8.854436429609315 9.881176652070174 0.4283761599712577
 12.23595257830515 -9.698574533613005 0.6711318702861462 -5.634759889613299 6.727074468705474 -10.13955978602111 -8.6972791887626 0.7199456563746196 0.7573934562522098 0.004986097292210445
 3.132526408947463 -5.001371981829834 -5.131189982107692 -6.332559273556704 -7.304100798917084 -9.101175781560507 7.46256085281626 1.919724204937594 -0.8428040975112197 -9.395452451698837
 -13.07120088500876 -17.50112628575835 -0.1801075608911376 12.80606341739513 12.94915204931653 0.4607615645458836 9.438475428541494 6.498504833558854 0.7212397736572882 0.969070198471826
 9.166637236793726 -17.34177072045654 -10.27979616752444 -11.71532110798736 -1.101107765635881 -7.784150977893461 8.377557073398179 -1.87984619183397 -9.028425970208474 0.07926787079675535
 9.325163495722634 -4.888371338579319 5.187016407812905 13.17891074164725 -14.38247756147064 -0.6927456831824159 8.791855178113828 -15.69969807730168 0.2538217036546939 -20.28173205942065
 -3.220281892711881 12.81502116568191 -5.277504936434781 -5.637792968041722 13.45120790134702 -5.272722664590468 0.1592409406386253 9.748799270400696 0.3907336533760741 -18.10883590675813
 9.637818668906803 9.296892759502313 5.702817077831881 6.823345816753154 13.13496650969967 5.825266350307928 -16.73839028796169 -7.125131093432287 -8.087775857127859 -0.09799425256469618
 -0.04758134959961069 -18.04678765953945 -5.763310037087436 13.22178796723458 0.9914506372760954 -9.327603806977393 -0.346826076156816 -1.879629320821444 10.44375788647853 -10.96451250137849
 -6.067213208876701 8.773024525779668 0.1011145969187979 -6.031660494278213 -14.57342138598012 9.26971891973087 15.3312174713986 -7.258208949731177 -0.9399851510815438 -7.766776598562288
 -2.524991770180826 9.320894492029147 -5.926903363484534 11.34731812304503 1.201568510942892 0.17428922615197 -1.087914776645526 1.046810816616059 -0.4515421722775983 -1.311954068070293
 0.7562090914241324 4.447409365870449 0.3266721388630032 -6.64479463671946 0.002320167868674616 0.6611222872840372 0.5603178395636519 -0.4979603058477551 6.324069969338161 -8.793712735458755
 -6.870589034458014 4.951693284106071 3.779779052232499 -4.299753625995706 6.135509213942107 -0.9864235134509585 -0.9962321089469697 -8.849765260000687 9.95001647603199 -1.267905765827223
 5.695712091943001 -4.666489399691876 10.93454733751145 6.83518109004293 8.555870233393357 -6.524608761862076 -0.0484003148358596 -0.7370451310186894 8.770772076658226 -10.80594897535848
 -3.366762525959864 -4.524457034908231 -10.74996846669887 6.714175532176078 6.856294822825348 6.386625312239978 -1.919852987932174 -0.6348661373982694 -20.03242248444624 -8.720233998936891
 -3.123760102292295 -17.35579157190601 6.26428867440724 5.314452179805187 6.629279185614571 0.5632721061834332 -1.471182261185703 9.372477545147717 7.994828629269243 1.01193981759117
 12.39197469709542 5.190050827927905 -0.09026490229197748 12.50156111515253 14.19507136921692 9.045044952707983 -9.104196622282963 -8.838224310656038 8.985357025866492 -28.79304150572242
 -3.249448493582577 -4.139321462711578 10.52944135914052 12.7069579148726 6.92693171182048 7.796903339529123 -9.676997769892914 19.63053598171393 8.591572618714594 1.900507331221796
 -2.684022070436811 13.67930477823727 1.169195170360737 -13.56542620038778 -7.488873154268269 -7.389063457101102 -1.755249938880077 7.43466629042581 -0.3242442660396847 -9.035717240803059
 22.10963785671275 -4.356202936064037 6.066000277274782 7.833849251308344 0.4544343697948108 23.51465527178654 -16.90824165731729 8.242304840458239 0.5701544488607126 0.2742830560694287
 -9.446212286147279 9.295655730019732 -4.854518512142796 -12.56874105425829 -0.7258240891594383 6.138918690936535 -8.156254006879095 17.31081094846314 -0.07721291226523874 -0.4633438420118736
 -6.578242132542599 3.757676997933011 10.54931210870613 -0.3196044138806613 5.800918842356445 -1.281136775788838 -0.4622045287310002 -1.400020463508007 -0.8570368173885612 -0.8687655616548611
 3.183126094020899 -9.391732319144822 -0.04737518934238949 5.799170785263229 -1.706228070681121 -0.9793032068509788 15.9874804983392 1.138132693223397 -0.1291231690175962 -0.5640445389422553
 3.000963729530667 8.813945387427168 5.210202148423569 -5.095170999225132 0.9641858555832741 -1.426765565476153 -9.259033144971234 -16.23192276589747 10.39160047708755 -8.478164657534286
 -3.182496246748251 18.06829508238303 10.66369621954497 -0.7866453967388125 -6.812014053463656 -16.07326402205769 0.6703711967481212 27.82376995080797 -10.66357107980426 -1.51303268689982
 -9.78642179739817 -12.8884503574799 5.747536253198405 0.6936310363477745 -2.072861150147283 -7.739243657540776 0.02407235274406361 -1.86843336637309 -0.9955378062395468 -0.01296603791162454
 9.972122467988783 -3.351491436618154 5.279813939210072 7.391053668341002 -6.722211073571742 0.4572654259850069 -8.563146963350448 -1.607242276760743 8.399132961456779 -9.213374989539453
 -9.956916236715145 -8.822786943491174 10.07479368787251 0.3423070393640444 27.41395268883699 0.5236752949263277 0.6389145910822123 -8.070015011942878 -0.0144903131058669 -0.546785952201887
 -3.305996629708993 -22.34943909740864 5.050943445489843 0.6972763641449049 7.509718880335193 6.25816981969934 0.368774094431835 18.55331149933458 -0.9672101091846059 8.779357611782672
 -6.063132874765927 0.7254962953545387 -5.971937231748569 -0.2843888512418573 0.4290928255162996 -2.137045257815899 9.669046748567482 0.8327841547278112 -11.73225772578165 -8.520081123477688
 6.363363325778089 -0.02714480465331093 0.2088719034420237 -4.801063075187635 -15.47378294959842 0.9766435007358965 -1.197136895235595 0.8839435573016843 -7.667221347817453 1.224260872505717
 0.6544631380626527 -4.620470236254384 -21.56317907126464 7.003419022436901 8.517835783148726 -0.01567248677930877 0.7663419382431726 0.5413900832086611 0.4721519470426472 10.8030024942862
 3.691305351961716 21.71567287329864 5.77539931332992 -0.5822156386335209 14.63899457500214 -8.181729115092985 -15.29231046476097 -7.182801749565606 -8.807274567387871 -1.378736076868677
 -12.81277541189667 4.368073289655847 1.082036680282805 11.95765535281858 -6.125036945701254 0.08866627008509198 -8.237529194191879 7.158867848063124 0.2397438755453933 0.3632327948711094
 -3.30945532346351 4.35246481197678 -4.812358895974114 -11.71645025284462 -0.3468232368053066 -6.463507954828366 -7.184385507168543 -6.961045092481946 -20.09208328369832 -1.798561011175295
 2.588557993615346 4.392920007334752 -0.1514951165064744 6.741688559902052 -13.39718926188961 -7.654090580542885 -8.887221522908376 0.02016782505054238 9.138213846980889 2.78374449231049
 -5.398502142047981 13.66525013087418 4.564042086580741 0.6502226795879764 -1.37106755914953 6.188411362069189 0.7075086282845504 7.38705507779504 9.953154154445613 -10.15365882927668


# name: DatT
# type: matrix
# rows: 1
# columns: 50
 32.25524997711182 32.16550421714783 32.14542508125305 32.12271904945374 32.10746788978577 32.16786289215088 32.10627293586731 32.14145016670227 32.04349207878113 32.11537098884583 32.16650295257568 32.09553003311157 32.51436495780945 32.26647710800171 33.27551698684692 37.64263296127319 32.19273400306702 32.15251398086548 32.15777993202209 32.08649206161499 32.19241905212402 32.18888401985168 32.13999700546265 32.16759896278381 32.15024495124817 32.13312602043152 32.49114012718201 32.30274891853333 32.15706992149353 32.4577968120575 32.23272013664246 32.21511006355286 32.18388795852661 32.20374083518982 32.79562282562256 32.18688201904297 32.19842791557312 32.15510296821594 32.16892910003662 32.18494081497192 32.22838592529297 32.20983600616455 32.19717288017273 32.1820068359375 32.21632385253906 32.15698409080505 32.13563895225525 32.31741809844971 32.18256402015686 32.16314792633057


