# Created by Octave 4.0.0, Sat Nov 19 14:58:33 2016 Hora est. Pacífico, Sudamérica <unknown@HEEC>
# name: DatK
# type: matrix
# rows: 1
# columns: 50
 2000 2000 2000 2000 2000 2000 2000 2000 2000 2000 2000 2000 2000 2000 2000 2000 2000 2000 2000 2000 2000 2000 2000 2000 2000 2000 2000 2000 2000 2000 2000 2000 2000 2000 2000 2000 2000 2000 2000 2000 2000 2000 2000 2000 2000 2000 2000 2000 2000 2000


# name: DatF
# type: matrix
# rows: 1
# columns: 50
 2.556763466896762 3.084725333912208 2.142753312878749 0.8828180915343715 2.4690882028165 2.528124290875452 2.504409246896752 2.475810008312996 2.602273529889397 2.147026455648923 2.113015415007135 2.69103246225104 3.184882319326433 2.109995240797246 2.359412504923299 2.839831758773361 2.315175243630787 2.647217578290542 2.738939669466779 1.344420389476905 2.804927956372179 2.470046251696096 2.610437306338881 1.382265303735062 3.083874427470337 2.114473500491298 3.427142882023144 1.68098315618627 2.77801756574099 1.094361184506553 2.601061457293734 2.605057793437199 1.969196843050907 3.01414904619855 3.462418511366987 2.123881842034928 2.499740657109308 3.067597098753459 2.627640475703894 3.073722440922946 2.81099093782754 2.311422025147433 2.722376712464988 2.515376805585743 2.511328529208586 2.335794157925459 2.847545108247383 3.022329223706528 2.282043797731246 2.281354377164907


# name: DatP
# type: matrix
# rows: 50
# columns: 10
 0.9970069111213853 -1.108637202442978 -0.1099573495867929 0.0133596129580944 -0.03918246407014436 0.1979164753085563 0.9467631080687582 0.03679397505951343 -0.0516326786510497 -0.1418337134329164
 0.01947953961463966 0.8617153352414455 0.9625573016373536 0.107215087455284 -0.1978575463819645 0.0958731040464933 0.3742199069623666 -0.7686966267927069 0.3275485106590423 -0.03679428708895571
 0.9063113964392926 -0.372788073646344 0.107671145770027 0.150746667577689 -0.1707222860115252 -0.1115443244544743 0.05771107357764649 -0.09519426271262432 -0.1202315768661002 0.07955654590666938
 0.08033816268842386 0.01726720939588233 -0.01697508238977719 -0.05771849641865501 0.06537352034689903 -0.1354638375506845 -0.1551366058721726 -0.0003528273464326048 -0.147651410106981 0.1607535054883193
 -0.2404272118749233 -0.02617277731590306 -0.1350537504278115 0.2087732691417905 1.092559738800531 -0.07700798219055116 -0.3936133880328221 -0.1220465487223201 -0.02604928356052127 0.06525023553883003
 -0.131503407292378 -0.1736017218083106 0.1942111833615812 0.2953827568037894 -0.3825884651727236 0.1320060559465972 0.3694234011257969 0.1448073415760014 -0.1181476019065641 -0.3146729074526924
 -1.036579858456239 0.03061870279455547 0.2583963679810566 -0.05848879926821482 0.1287786074045734 0.06928866639106701 0.246691570510162 -0.009867374910765392 -0.7925820820226299 0.1533974507312017
 0.07241188640371021 -0.03981121534710752 0.2395354087004655 -0.05630914450198787 0.5547515269704988 0.004533137680486021 0.05139852816687451 -0.436215271902654 0.2644642288307892 0.2985019412247283
 0.0412100646736171 0.5495617523870813 0.01360725841551513 0.3074238005959238 -0.07311821486844039 -0.3246006937573149 -0.8643677814060204 0.1912523560442345 0.02350344690969308 -0.03564650812225878
 0.1698922049674074 -0.3811758979012509 0.1990130620744814 -0.9179441799923715 0.0830926155232028 -0.07522235976473368 0.0884225339997009 -0.1150654925096326 0.07397315900568557 0.02923981800452324
 0.04699737061859821 0.3709101986627239 0.09536423095605073 -0.02789800649227558 0.2355046968389019 0.0978520156696483 -0.4629296554143956 0.1339691694285037 0.2166504299295546 0.01021441937156098
 -0.2142909233136514 0.1314272645778445 0.1917994929592091 -0.9648240284977554 0.07861269826214823 0.8317170816288417 -0.8336871943818842 0.1123790480688633 -0.04743787411830169 -0.1328996659777957
 -0.8749854676997302 0.004334980321804238 0.09094863754407001 -0.09047358068536582 1.04789670794257 0.8804588242773015 1.142117213231487 -0.6210968784313273 0.02662238680388995 -0.02582204061584648
 -0.08655851092961342 -0.2166500222394596 -0.1261919228364832 -0.3410156625344278 0.8952322361718821 0.01513721162156401 0.1033089262547051 0.172084118048744 -0.01298591650084902 -0.07209126316417525
 0.04923860377862255 -0.1960285806764617 -0.1743176691072001 -0.02382962343292405 1.128543082078185 0.1864668062718806 -0.1708024162418695 -0.1628149110276027 0.1326771741970632 0.1470358634925546
 -0.1581004470519076 0.2421782071089567 0.1642807719237354 -0.6180263540141979 -0.8073774553766349 -0.1518677936202515 0.07680841988083387 0.04462237947340597 0.747339557156689 0.1030717168669995
 0.05831932613551416 0.2480224198463894 -0.1655274214410056 0.9356108363235194 0.1820590804983873 0.2091543370899771 -0.05761366462143869 0.1184115405613895 -0.2318238525460679 -0.1594524551821088
 -0.8352629849203694 0.02971077848090431 -0.1531360820355552 -0.03336389417203023 -0.08808607594809459 1.007781167546462 0.2008037959878486 0.7356034659376149 0.1755047875760063 0.03183560566870369
 0.9034350087958067 -1.164295014597123 -0.01838941084317369 -0.168572739630843 -0.2742247830704159 0.01663251018727863 0.0776724747539248 -0.05405540664474273 0.1156271089986305 0.2749645424503555
 -0.09638723798170545 -0.1785474731606698 -0.04968375590583562 -0.1732154368893788 -0.03846933283970344 0.1412831633480351 0.00297766174299241 -0.08660146272639935 0.2959123190069448 0.1128012563732348
 -0.05310200477656934 0.8653034040897793 0.3323017992173227 0.01484983408774099 -0.2317104689156899 0.7577216726811073 -0.9354260030258352 0.1120717574032035 -0.03960178732999253 -0.09693398914359719
 -0.1732468625324799 0.1463150841028842 0.171754902976474 0.1954786253465457 0.8536208360154482 -0.0342231655213574 0.148032561328499 0.098023399887186 0.136341210918669 0.5292087012190017
 0.1199956219262468 0.08879294803599791 -0.8483812995026234 -0.2935112199796031 -0.2910961778527899 -0.08345715120420394 0.07253138292987771 -0.1559200791690785 -0.9545336772416277 -0.108894429640813
 0.1516558071581606 -0.1238238471433988 0.1412579238878067 0.07349796348541915 0.2330252084632178 -0.08644641312465495 0.0347612203495693 0.1227428652329046 -0.2078114312373209 0.1333233688911903
 -0.007348348945022565 1.060029228966467 0.00511016350174387 -0.6172186132522413 0.2691015111397697 0.105968430680246 -0.4679983301052459 -0.1392559029865339 -0.3112376785159654 -0.1372337277008562
 -0.4774889016066268 -0.1582632445662604 0.01845798981777946 -0.2052116908727903 -0.1243054208226795 0.1905567243831605 -0.1421497825050579 -0.1806584000316249 -0.2534805034067666 0.09546638905712257
 -0.2433380049389982 1.068469415559839 0.009630331524029145 0.06976766727354544 0.1259629041943526 -1.048540121601988 0.9533707565523883 0.1706972047488051 -0.4376769531976947 -0.7804898110505576
 -0.1503784379111934 -0.03863424716659125 0.007038553640093426 -0.8978719547220848 0.1669011144169126 -0.1592359010193469 0.03770695077950137 0.08212707086393678 -0.04568577428476317 -0.1216317824674853
 -0.03020336055672601 0.05756957662930162 -0.101057990059509 0.4440918592176288 -0.5072184030273164 0.1064182748178659 0.1802754106303652 -0.241216235672475 -1.032188016771244 0.02043833094832692
 0.006037934699641312 -0.07916889614541844 -0.2393158900397232 -0.04857880388048841 -0.02204717865426886 0.07349693200928797 -0.201919620585798 -0.08903284339802653 -0.03912421781027575 -0.1595532559714776
 -0.1451926944447628 -0.03039755555622037 -0.2472894330551263 -0.06933707133618583 -0.1616107963947435 0.1569319203100861 -0.2747902116882628 -1.008277876181644 0.8552846594564976 0.06956157346400715
 0.4891336283349013 -0.4450769141753383 -0.3474726860352781 0.1207690498723615 0.3008747955303086 -0.1098964721951319 0.1767767205912385 0.1095577126671827 -0.05604358818350619 -0.1176563182617585
 0.07619117674956044 -0.1709925970955481 -0.02519950717216801 0.9762489223530579 0.08153913694521364 0.8925797607579575 0.1170941018882488 -0.05366011996562037 0.004449665875657871 0.01760153164470424
 0.04503858298453167 -0.2620014381775597 -0.1328937788913507 0.05124882453860735 -1.005696117673327 0.03327976764015617 0.663889519738099 0.1326365118167203 0.3126642601549179 1.033403261327326
 0.1641653823118432 0.09836555697811278 -0.2813081762090235 0.6775778979232889 0.0636150346600175 -0.7964415747945139 0.490856574152069 -1.182242009191381 -0.09152786639796417 -0.1789116540841675
 0.3175580768859767 -0.11965370172231 -0.2218026299035252 0.0640368021504969 0.0335686010385281 -0.2211643221109831 -0.06969519175078887 0.08009604803199366 -0.06702339817826797 -0.727328350940958
 -0.2134355872023797 -0.2243151636050449 -0.1596452641116777 0.1976390978326883 0.2804857274443577 0.1876043028370873 0.1714949351391368 -0.2130846859747315 0.6171718820138423 0.01818079242186244
 -0.3181133245473724 0.215348253032257 0.5729147587868049 0.03165497079865531 0.1989130273888797 0.3060318040755234 0.3849387805625035 0.8502279672855835 0.1314619812093341 -0.04864220430140165
 0.1512212106628361 -0.1079620843030256 -0.1523944814745413 -0.003499372132868217 -0.8190253023447625 0.8586502528404338 -0.01605710666810012 0.1473748713125573 0.9716631332512158 0.2038671733045732
 0.1383734675711246 -1.095793447194499 0.04447240905396299 1.048979457201359 -0.1044031356924329 -0.9532144686008479 -0.9713357098107487 -0.7320244397221636 -0.001848009242166881 -0.05526027472119921
 -0.0231752466698012 -0.82495932171771 0.1935746711844288 0.1912333490419691 0.914685134076457 -0.03572524071390504 -0.8787411386500743 -0.04273544188439971 -0.8540841063685143 -0.1173986541381211
 0.07701009933050784 -0.0279349870561667 -0.1532603846773348 0.04939839090188869 -0.06107202100798759 0.06007669101569135 0.8934422721821598 -0.7918698672354303 0.06911035275158639 0.9053620774747344
 -0.005793727950734961 -0.1648206646588406 -0.7625697694045463 0.07831547788562432 -0.2384510985850632 0.3686763060526275 -0.1728646361790851 0.01623648496207863 0.1908250258840702 0.8755600570938213
 0.06079753730779203 0.0940338653800552 -0.07957187021936818 -0.8683105101871362 0.1655087313794539 0.9005854586856934 -0.847631339521147 0.06837815929436175 -0.2208515770418877 0.05023203954810995
 0.03860786850967912 -0.9296749650192666 0.0975370504330364 0.9162527029283574 0.9861220948287013 0.1097946313076221 -0.02255123580655294 -0.08635682940629152 0.2268784478749026 -0.1460651655453553
 -0.2931637827262357 -0.2300575587562257 -0.1179907498136501 -0.08197939848294666 -0.1993423135992991 -0.07731515640450937 0.1997871962068523 -0.01014299071358593 0.4650582383605659 -0.3062355839122617
 0.02221990932414286 -0.871729262190339 -0.07568578045727392 -0.8127245273415724 -0.04378807566358134 0.03590369808992833 0.255362815942366 0.7373518611991479 0.09385753272917441 0.8880539029731942
 0.1127449176511739 0.1384164453430792 0.7874470986742281 -0.4051577658086956 0.1341026237879603 0.9063106981110707 0.023315698390455 -0.9694501124531314 -0.1771469306460638 0.1954213532646421
 0.07259451901525082 -0.1292963658035013 -0.08700862573285661 -0.415854064367899 0.1021973627303865 -0.1035387988032248 0.001383534045089618 0.0759187580752716 0.3156909532756949 0.822619218498243
 -0.05418019441099631 -0.7578963389376057 -0.1264890022049485 0.7948096694333735 -0.005568590304395826 0.08192370155491702 -0.2803531358315752 -0.1384595817490997 -0.01139852122834029 0.08941667557345667


# name: DatT
# type: matrix
# rows: 1
# columns: 50
 27.75148105621338 27.83292293548584 27.80897879600525 27.79705119132996 27.91941404342651 27.79064297676086 27.82866501808167 27.88115811347961 27.86029481887817 27.84342384338379 28.48820805549622 27.76349592208862 27.80204582214355 27.71414995193481 27.85821294784546 27.75315308570862 27.87999820709229 28.11404395103455 27.80710411071777 27.93747997283936 27.98655891418457 27.96611905097961 27.95428705215454 27.90028691291809 27.92263412475586 27.91423988342285 28.04561018943787 27.78623604774475 27.884929895401 27.80005311965942 27.90359997749329 28.37941193580627 27.83962202072144 27.74889612197876 27.88187599182129 27.77692914009094 27.95502495765686 27.71739506721497 28.17962217330933 27.73480105400085 27.83745288848877 27.75597286224365 28.12693309783936 27.76388788223267 27.76843404769897 27.71489000320435 27.84529900550842 28.09456706047058 27.92270398139954 27.69963812828064


