# Created by Octave 4.0.0, Sat Nov 19 11:41:43 2016 Hora est. Pacífico, Sudamérica <unknown@HEEC>
# name: DatK
# type: matrix
# rows: 1
# columns: 50
 2000 2000 2000 2000 2000 2000 2000 2000 2000 2000 2000 2000 2000 2000 2000 2000 2000 2000 2000 2000 2000 2000 2000 2000 2000 2000 2000 2000 2000 2000 2000 2000 2000 2000 2000 2000 2000 2000 2000 2000 2000 2000 2000 2000 2000 2000 2000 2000 2000 2000


# name: DatF
# type: matrix
# rows: 1
# columns: 50
 -376.6402581388299 -383.1034341762773 -377.9788248402285 -381.1782663747354 -378.9740525759197 -381.5756403035702 -384.3578076530834 -381.7655315021213 -378.9614869623007 -376.5522844281543 -383.372791670736 -379.357971981165 -375.097269864692 -374.4158053310636 -374.012826616839 -382.1913825166426 -384.4057548354227 -369.1797122491167 -380.5343982676314 -378.2370839769632 -377.7052966564976 -372.7000040786265 -381.193942789973 -372.4997537110352 -376.6234590057262 -380.3498895052189 -375.3796486079554 -381.3854777484902 -377.5326269824398 -384.3355977939814 -381.1069272776137 -381.2710692871997 -380.391807052487 -383.3375884506055 -378.8726966708518 -369.9028738645343 -385.3062519659725 -374.5882333266625 -373.8407753217077 -380.6048599373331 -370.0482390984259 -377.5523085367354 -377.1782544257026 -370.611032318593 -380.1878194559312 -379.5354774106763 -379.1644570704894 -378.2215684337076 -390.2134100927505 -374.7776145196446


# name: DatP
# type: matrix
# rows: 50
# columns: 10
 -2.898345725967217 -2.96126747129777 -2.624866049867595 -2.45705655982643 -2.70629927111896 -2.300217444280135 -2.881919124184656 -3.011044675319944 -2.487415479476967 -3.246305900947528
 -3.251962582827924 -2.672593438980058 -2.868110560609407 -2.404012847001461 -2.807328945381504 -2.739603182134594 -2.724678401557064 -2.808029092607962 -3.03337152673276 -2.812606603486439
 -2.554326751660514 -2.85961814834023 -2.766456322056812 -2.499702249448308 -3.1630910466469 -3.121753637031083 -2.217084505164364 -2.974363483547454 -2.76041421195638 -2.961786044820341
 -2.2599298698247 -2.876018986313109 -2.816026156974957 -2.976526220797798 -2.868333312331148 -2.432709604705689 -3.125755561799202 -2.867778403742616 -2.792312255559317 -2.816291611848401
 -2.548088660295966 -2.374541805217556 -2.753997959104847 -2.871055289937584 -3.220288878292925 -2.855949125273444 -2.535554916765363 -2.911161915494822 -2.5229929496904 -2.814778192920601
 -3.111115207284973 -3.16287022522158 -3.008308314069642 -2.460111114437896 -2.699764219057832 -2.533796761836666 -3.117461642533871 -2.89843467710786 -3.125260598794013 -2.747674215567733
 -3.168342509851561 -2.565188829060682 -2.802515214739269 -3.226068890304495 -2.853190345002609 -2.731150251237058 -2.956158654748551 -2.871316237805814 -2.696460723412285 -2.685139891487526
 -2.781342670006425 -3.303885949315328 -2.877420292703882 -2.730165333059923 -3.101351311266636 -3.151177337304334 -2.603293567058014 -2.888946255801776 -3.153782276273369 -2.589330477919643
 -2.289377091878919 -2.891259749217507 -3.152130251661526 -2.630477560889489 -2.531601920705082 -2.584981581326756 -2.795022966770303 -2.691426841226431 -3.023595151289945 -3.024151425793419
 -2.814374726099881 -2.432780767063616 -2.779514146281141 -3.030015936553173 -2.108589302726531 -3.053692144363986 -2.745261435118921 -2.622213852387374 -2.72137503927691 -3.046462981387787
 -2.772653970328776 -3.019219111784909 -3.158903135941065 -2.889043078108291 -2.968143247275789 -2.770579129291368 -2.261752678135103 -2.83929822555015 -3.056751517265924 -2.899786266593872
 -3.125990379661714 -2.898164383603858 -2.595985351037496 -2.895535496382621 -2.939164949192631 -3.160332200587439 -2.672965116110521 -2.60556809557635 -2.249189834573839 -2.720586170313186
 -2.376945153231332 -2.605227667298497 -3.100865417406173 -3.408438907104198 -3.290838237838549 -3.130956360608768 -3.110371829182189 -3.051459515824765 -2.825095339177242 -2.972533149927131
 -2.758898556364285 -2.526678592022266 -2.797792072726281 -3.221715341643589 -3.13037083870215 -3.33050949728677 -3.207338276342542 -3.088857496440534 -2.519035707171708 -3.318401863710885
 -2.628880216610188 -2.910393792225735 -3.281120081381531 -2.845190415291328 -2.043808787591725 -2.744000860584376 -2.936142825393881 -2.556478415559952 -3.151827296823844 -2.678295837995526
 -2.680575274658335 -2.71221780343092 -2.29553996769519 -2.961881264581475 -2.945561555235658 -2.852169393880556 -2.893591653911961 -2.771787312758765 -3.121342827514173 -2.579893388133641
 -2.804885861484253 -2.996986109971454 -3.168886428684701 -2.621305686142742 -3.240198822827371 -2.980356545730758 -3.051683318152876 -2.824810234291543 -2.646774447542315 -3.072093082875014
 -3.131523626059727 -3.165477393106306 -3.546753792006252 -2.993690468727973 -2.49172615071709 -2.927670702322267 -3.194817956746518 -3.463574429812896 -2.923318865804783 -2.706947703790989
 -2.257846812436021 -3.009813562839771 -2.957137134953498 -2.783129406256362 -3.00397478884409 -3.16330743311412 -3.079868196457682 -2.74215736335276 -2.685348353070188 -2.572582140993418
 -2.535712537374171 -3.381193725603088 -2.814155637530597 -3.01622707857151 -2.713376538735999 -2.786841628981542 -2.361769903207618 -2.994186617046029 -2.874661806954498 -2.623571962472514
 -2.929268645926272 -2.920047616570082 -2.597051891740681 -2.479073762576439 -2.950959960057451 -3.065844202101186 -3.213429364101128 -2.548217104803685 -2.517987871523641 -3.30960966220671
 -2.474958030115194 -3.445601524996496 -2.506899429689707 -2.974509943633562 -2.956092187373987 -2.553160720448891 -3.202438648776169 -2.924934209494713 -2.375436064357458 -2.966614936574527
 -3.212492078305313 -2.69421043200516 -2.867388513444366 -3.295615874664622 -2.927174317299266 -2.917856629921864 -2.802621595693655 -2.340325309315961 -2.919447403757654 -3.011250168442284
 -2.137747701682803 -2.612584730219479 -2.986269436165067 -2.570870188903143 -3.187682726741679 -2.417413364256626 -3.201511932523001 -2.782660911289732 -2.995686940609854 -2.622589666750737
 -2.547853499185206 -2.585127580519949 -3.268741672994138 -2.79382055072284 -3.354589870857268 -2.915148403554014 -2.861009036435142 -2.929562784491933 -2.343687065000003 -3.000598788544016
 -2.455665106306956 -2.775419016537893 -3.170172481299161 -2.856209507717112 -2.66862846730356 -2.417947807441363 -2.94022858849072 -2.599124831613438 -2.718924071845823 -2.757097368074152
 -3.217263096408113 -2.840464648662313 -2.701257471052095 -2.786639166308353 -2.557220421042273 -2.414056692476254 -2.835319298265643 -2.851443315131848 -2.274150727147019 -2.494829951505634
 -2.66662368169132 -3.23588221369803 -2.930680841713115 -2.67358856482514 -2.448991596530315 -2.558269632142025 -2.817634264288482 -2.866434837563331 -3.167097964272595 -2.961315157770305
 -2.90937476558865 -2.340092568153778 -2.884382493181652 -2.676727810856804 -3.233930046395646 -3.115678189084252 -3.241255819411317 -2.669192100000431 -3.231365334079829 -3.100077351540532
 -2.873856845109213 -3.347588659437516 -2.798612797168889 -3.094259076774283 -2.793304847461938 -3.081208045393296 -2.671458984223074 -2.921311194508172 -3.105427007958536 -2.985491891487804
 -2.886616643650971 -2.817891383675872 -3.153658438906668 -3.239227443398262 -2.571003943216136 -2.921677185653547 -2.738376944941835 -3.090182862863077 -3.012189630850715 -2.370872309634949
 -2.790014125464295 -3.169575997800345 -2.925647672100791 -3.298931052000982 -2.43444922527207 -2.96437177134972 -2.794119505492811 -2.974812007679828 -2.5441128942183 -3.009335905596158
 -2.748499046397836 -3.217956178398002 -2.844122599123251 -2.964999353273924 -2.367422860170245 -2.956762313379999 -2.988239302768694 -3.032683562099648 -2.911411719976687 -2.357239161858723
 -2.901319665222118 -2.775980930907361 -2.846517756937294 -3.067846964433759 -2.631075443234812 -2.77801692133928 -3.384384951206334 -3.153973848656416 -2.89493705725541 -2.786658938659142
 -2.84536995573177 -3.236616610498434 -3.194035740257197 -2.718886590433532 -2.445078775565235 -3.279791805805288 -3.034834014907209 -2.884676892964669 -2.594237691518169 -2.685184179526733
 -1.959332283339749 -3.10374292677664 -2.192404211216726 -2.851168023182335 -2.881991767345477 -2.972897438540334 -2.923831147833581 -3.10109652361295 -2.729977666643754 -2.546190701182831
 -2.812636691538593 -2.829958981780437 -2.299849521720752 -2.876385972632534 -2.860176953358897 -2.876237077398664 -2.888844558207848 -3.069158367350677 -3.001365318506442 -2.768336332050737
 -3.236745848418481 -2.445002259518115 -3.111562273487737 -3.305346236886292 -3.255587686063195 -2.990919049217707 -2.676677949410781 -3.103338523492445 -2.686469894927915 -3.294034685553736
 -2.854531935511437 -3.120657454192993 -3.093108496576702 -3.132686729342187 -1.954788648835637 -2.863610198108826 -2.585087301265631 -3.074145325556413 -3.17806680737513 -2.695666852575783
 -2.856471327005249 -2.34419468415744 -2.392289842198314 -2.650799929109132 -2.927055747642059 -2.977463547720817 -2.791087509227736 -2.753190184888904 -2.712530326974757 -3.070055420309291
 -2.501337958555242 -3.103293611914147 -3.255374550507807 -3.170578644857528 -2.747139508408925 -3.337817747728971 -3.460507746401276 -2.819811831621481 -2.417593347932107 -3.078770377993633
 -2.708824179303984 -2.558324432279902 -2.960441802351855 -3.203283042148711 -2.083239082373935 -2.952432703434551 -2.713643118125573 -2.742489606795298 -2.864614912106078 -2.80484975686475
 -2.767190372703242 -2.957891007646088 -2.530762758608695 -2.892912825329789 -2.929686712159671 -3.220165986479407 -2.984203988074618 -2.472024971152947 -2.929939726649681 -3.490000898304643
 -2.884193236066525 -2.309400181973392 -2.452476670573615 -3.091977156311419 -2.560822251867509 -2.335020161772372 -2.741276475471832 -3.127688123196769 -2.439181397984788 -3.1867481144377
 -3.315434085564597 -2.90257426588114 -2.855283039195749 -3.19611312760503 -3.424776331620995 -2.877359802334085 -2.692181515974023 -2.867233957780898 -2.816489808915187 -2.875301806090831
 -2.293807214701474 -2.981638735368191 -3.061812363624499 -2.892400109081154 -2.962814426033895 -2.554858012255244 -2.733786203471346 -2.578738254513728 -2.638634702992266 -3.16062491318648
 -2.941644400342351 -3.250568425045717 -2.809052928669328 -2.447401373292432 -2.448574526588553 -2.83791753081807 -2.878511103822373 -2.749598485512176 -2.488953085522582 -2.676798145380721
 -2.95818285687185 -2.750240151343389 -2.825584972558613 -2.493481621052586 -2.693585789856542 -3.132872505918588 -2.564859420564061 -2.868329614086457 -2.947538690923739 -2.187292829805136
 -3.050804555922593 -2.893945065869586 -2.803040561882685 -2.940365766867038 -2.779657844884057 -2.897226721479217 -2.914805965854574 -2.864805664403719 -2.714980523568774 -2.896136805920514
 -3.37150406910697 -2.748807545883092 -3.07007458350061 -3.022965749635936 -3.169297707439177 -3.035095652624696 -2.707325320673316 -3.011393982678211 -3.247010398120961 -2.205853669622199


# name: DatT
# type: matrix
# rows: 1
# columns: 50
 20.7943639755249 21.24060106277466 21.01456117630005 21.14141917228699 21.07732391357422 21.01346898078918 21.05654406547546 21.04649591445923 21.14431095123291 21.06038498878479 21.1247889995575 21.09068584442139 21.19009399414062 21.06521606445312 21.07342410087585 21.10055088996887 21.05117702484131 21.15073800086975 20.94060206413269 20.88745093345642 20.8084409236908 20.80153584480286 20.81112384796143 20.85731101036072 20.84726691246033 20.85234403610229 20.84555006027222 20.80908799171448 20.87020397186279 20.8653450012207 20.84448885917664 20.86359906196594 20.793869972229 20.8902440071106 20.84449291229248 20.86363887786865 20.79213094711304 20.86320400238037 20.85062384605408 20.84011197090149 20.7530460357666 20.93745112419128 20.88823795318604 20.77230215072632 20.94171190261841 20.8397319316864 20.95576596260071 20.83832597732544 20.86862683296204 20.7856719493866


