# Created by Octave 4.2.2, Tue Mar 19 13:34:43 2019 -05 <ubuntu@algoritmosb>
# name: DatK
# type: matrix
# rows: 1
# columns: 50
 2000 2000 2000 2000 2000 2000 2000 2000 2000 2000 2000 2000 2000 2000 2000 2000 2000 2000 2000 2000 2000 2000 2000 2000 2000 2000 2000 2000 2000 2000 2000 2000 2000 2000 2000 2000 2000 2000 2000 2000 2000 2000 2000 2000 2000 2000 2000 2000 2000 2000


# name: DatF
# type: matrix
# rows: 1
# columns: 50
 13.98719439934569 10.59803398186073 13.21666715637938 14.46954976535987 13.61867888196744 13.5447078800517 14.06731042175812 13.71426418496912 12.23619989505802 14.82657570336976 13.45029482180749 12.45623930608313 12.05498440873908 14.38923452566743 13.02552276142173 11.04510080264888 13.47236244803704 13.68446022335968 12.63912019088974 15.68880855534634 13.46766419127914 12.91205076851555 13.24184617787281 14.25688194537217 12.80457837052372 13.50928974713158 15.42571597752305 12.19852002934139 14.11370427023639 12.81473999973089 12.89625870317539 12.26050385701282 11.96771558122208 16.09052058143165 14.62325994904436 13.90554747071811 15.00583241781932 13.73442465282021 13.09654842577493 11.55368216184857 12.29305492096367 11.57527621567321 14.95801984772278 12.67097136035559 10.75421228306896 13.62740418262193 9.749002005113645 13.03617436138794 11.44723871417036 10.90462054918512


# name: DatP
# type: matrix
# rows: 50
# columns: 10
 -1.040446255220594 0.5946090215280435 0.8102526043974727 -1.537887275127595 1.79405257259695 0.6106856172396959 0.06039543138291137 -0.3421423678904318 2.465592078581238 0.4297474360195608
 0.1069615664256212 -1.68373495667009 -0.663642317550206 0.3639099845625999 -0.02921126878393565 0.146752582723046 -0.412752134389315 0.103143253245527 -0.5441582981534729 0.2762471618464382
 0.6213098437098061 -3.134462107694283 -2.503381780600197 -0.5126144157025116 -0.04832654553869986 -0.7502285379002842 -0.9992141099346554 0.9775410165739018 0.1980336861290191 0.7736314423261987
 2.043132305327205 2.451659137907384 0.3122243800046931 -0.4410872601060341 1.28178140922617 2.04355638935526 0.1165790152209567 0.6679590860864373 -1.856213906641511 0.2828706938182961
 0.9178761776555966 -0.05940349889902663 1.151318029597999 -0.721306333317191 -0.8743979367781094 0.7120853123076003 -1.220187913978606 0.7586179697780224 0.7061310451815253 -1.276318262035854
 -0.5088492568852487 -3.062794127993641 -1.706471499411879 0.4131012621022947 0.7624165419390572 -0.002870917278418261 -0.1058402018044085 -0.2138703648144791 0.4630840809026857 3.032155809881289
 -0.9921253578349862 0.6653964268577184 0.01968277582820477 0.1129309413864696 0.1061890407892001 -0.6614974060454735 -0.3125147859375943 1.248718193920695 -3.72081872801002 -7.125330426040023
 -1.430635497664689 1.096282004428847 -0.8673330394329852 0.6398479855039483 -0.8694795065010759 0.7107218332482361 0.4688188735148913 1.23999751152154 0.5282736830581847 -4.945490434215522
 -4.928328224718761 -0.5210984205500786 -0.5341252394560208 -0.08531913080340559 -0.03224858749493364 -1.045464592653886 -0.8518636547076781 -1.372313838702549 0.3719862217716319 -0.8376530069570762
 -7.655692666301235 0.09673913979904469 0.6941970098620871 -0.2633793404950318 0.5461234796080561 -1.857821352725168 0.1399562478310514 -0.3630811427959664 1.174395589852043 -3.964003803624987
 0.1693979647372252 0.3332249948565114 0.6706327576199982 0.05768872270897063 2.087981133510844 1.24071304856556 -0.2213256406778079 0.316864813221688 -1.390077655152155 1.805991010543771
 0.2524854465903026 -0.7439607371732038 -0.6114234556576896 1.880314416895889 -0.4764422996326871 -0.2354051396380186 0.09928581687754345 0.2715863834148635 -0.2989834620805603 4.831520013208163
 9.367409127189028 -1.582762225708922 0.2555778260559727 0.02863520518988238 -0.1301426787632671 0.05214519481346613 -0.08004996273491827 0.02712379432525935 -1.729249539613857 1.8231689328348
 1.793117382705343 1.350879754055633 -0.2557780388363007 1.340961999732226 0.06609476952695914 -0.5546515689553004 -0.2247863030154136 -0.2020599329900534 0.3452913401546027 4.350940206144834
 -6.162834410330255 0.8383953204709904 0.6175192302640582 0.4796189173889438 -0.5380225126196265 0.03872738713656787 -0.8270135963092144 -1.060435600876243 -0.4771529347367292 2.439502175122868
 1.001083209458557 -0.5191934172312536 -0.1136837896866503 0.0993178120644167 -0.5249570753499242 -0.2359893892300846 1.367671331673925 -1.296361531104864 1.212162561961314 3.84256938007988
 7.622578277621528 0.2136258880547892 -0.1826308993897179 -0.3533695605895915 2.220335265803641 -1.174588569202729 0.60966547605004 -0.4938473382667254 0.5073517199803135 0.164667970448285
 2.915267171440895 -1.782451377359195 -0.04019958804750701 2.3222973584164 -0.1059458584223698 2.442126108410271 0.1411047237071585 -0.2291712622083928 -0.1015719821135477 -0.3505839073207895
 0.2010519200213814 -2.143569317424539 -2.329946291276727 0.4005040326504989 -0.8528509721789774 -1.111932301074479 -0.08453991476024925 -0.1560734195938096 0.0201237671262966 0.4975355204901426
 -11.60210308733586 0.1880787267420487 -0.5291278798090637 0.1269815327124242 1.261006777687054 -0.437793073715909 0.06872216695234812 -0.2475936934117691 -0.2212226228859642 -10.00004757805073
 0.8868213062950296 -1.525379988135249 3.065014735560055 -0.07875114863971078 0.1191901377297846 0.04022240210364458 -1.270641666297951 -0.596989799460605 0.4710419081224906 -1.358588689664757
 -1.493557204513756 -1.015398040445703 0.6363030149719968 -0.4390663378493969 -0.1125760020569153 -0.4943147639919481 0.8691248477142537 -0.6144034566665262 -1.091119568001059 2.280576693494623
 -7.906436439005034 -0.5583179517912491 -1.785909488618731 0.6363414434878329 -0.1790846457062614 -0.002577651075629461 -1.404552262239491 0.4864724690291844 -0.5610642461311386 -1.197493597365973
 -0.1346032444145138 -0.54984467436093 2.452755849201324 -1.84091063814034 1.797494538051794 0.501230124310041 1.224256763390461 0.8010635046328396 -1.712412753633281 0.6164329474546477
 0.4018622874813467 -0.4503292902249534 0.6377232452456489 -0.9738412880060174 -0.02068102044178843 -0.2228900525098858 -1.012919434516345 -3.15332117946414 -0.5341794551445993 -0.1265596534632323
 4.766801314449154 0.1278930729769208 0.3288210679514378 0.1692436018949302 0.6571617233845757 0.3908968883028052 -0.5023681574043657 0.3824754025212158 -0.4218137376578142 6.232527262324069
 -0.07482348098171698 -0.2616234838117286 2.956178011857403 0.204178446138215 1.082149039076359 0.9457852407567273 0.8047064633236047 1.701425803141049 0.01279370767407428 0.4557745122023853
 1.010777746661017 -0.06358115807421427 -2.428006616639713 0.7456074455428698 -0.00900047717551189 1.388475024188107 -1.109292114316403 0.8151344279675108 -0.6394411219213367 -2.262645686780399
 -5.350030857439698 0.196564224124991 -0.04152664435427411 0.3311417235184599 1.088520657041126 0.2256995492373122 -1.306583342239996 1.258555414088967 -0.7481788747197697 0.7089838198687239
 -1.127804705930547 -0.2009722604545452 0.3167728575775222 0.7156014632261893 -1.70403696914191 0.3987817879446069 0.3980778882127183 -3.003454383972898 -0.5039627200226313 -0.8732553804028385
 0.9788501227294368 -0.2646575281235215 -0.6901673471026619 0.7520884673710988 -1.091932862646985 0.3965593081469692 0.3975490079123105 -0.9258095429785733 2.041750931668538 -3.370288955205407
 0.5250420980796875 0.007796401014282139 1.321249299718438 -0.3388417765475786 0.6568548520869228 -2.409751679599513 -0.4543635620488686 0.4762030230908536 -1.238229369620274 2.162524868938057
 2.950197452621936 0.1591833308249626 0.1777955960371216 0.126616940988356 -0.02751440034446873 -0.3565954961326092 -0.7644180129962166 -2.958847537077379 -1.005951724137965 1.474189928241206
 3.357942965334004 2.482539515615358 2.089504314128213 1.171787932954587 1.017767307231242 -0.1436707738413538 0.8915338470714147 -1.696207749074979 0.6001158465647691 -1.808212008392555
 7.027411198611873 -2.588240770048824 -0.4421688345887027 -0.4149732603677094 0.365552383400761 -0.3745373428959056 -0.5094834370270362 -0.004033115246787844 0.2190174029330763 1.208018221778918
 0.3416263553939096 -0.461630350464894 0.5624069041828648 1.342041178714993 -6.348679919298181 -0.3694718833961552 0.5830485570464425 1.22668369941605 0.4557480421958253 0.1861581507093319
 -2.242156881522753 -0.57777499770107 -0.528540786263445 0.2128151072704085 1.32027584534746 -0.3431692304824026 -1.614663585907341 1.594657778488539 1.072164074495113 -3.816700350247462
 0.193537526638643 0.2761906343132772 -0.7830263449348251 -1.280422502178482 0.6202942818987331 -0.8355081891484915 0.2787985474153878 0.4937986063400714 3.937266547940396 -3.193475668643437
 1.462956746246586 2.626923762102365 0.4486446549985423 0.9576024368206681 0.008905236163634811 0.1546496673383047 1.023516621545262 0.2997816700101801 0.2545979269509679 -3.965330894092371
 -2.193373780130237 0.2951479790956881 -0.1090408384608139 -0.2510176618400237 -1.458175862782316 -0.2212418949877453 -0.08325415105908363 0.5473168514350135 0.8701605556151399 -1.136669475591713
 -1.850424348332901 0.2686809201170668 0.4286330188828558 -0.816324640591862 -1.255760703235186 -0.6802812291704683 0.251086293256094 -0.2645628788107075 -2.280338577049662 -0.9789364656635193
 4.82323948686355 1.793398807723673 -0.1273059890901358 0.5435621094789376 -0.2342451730239503 -0.1168595729633282 0.9870926332687198 -0.2866362364241333 -1.348525270033267 -0.5406178733851803
 -0.7291495025408317 -0.7621424038286584 2.427201856146375 0.3429697646518832 -1.526267855362246 -0.9873068441001926 3.071008904856235 -0.1216905587081065 0.2179147242806891 -4.004082795812796
 -0.0804904040251877 -0.2244583584344788 -0.6839220950047853 0.6777330316169135 -0.0147438238036699 0.5610264266675244 -0.1559610675487022 1.412574628585766 1.554866956295477 -3.80644931344596
 -0.009705294660314223 -1.81748838848927 0.1361131357317724 0.01090827719054843 0.3996068121799894 -0.4043729523895365 -1.269016985580738 -0.7487854137896193 0.2759485287699839 0.9553617936680503
 3.078152884148111 -0.6351791853836737 -0.9009747607077792 -1.629514916868747 0.5423349203288517 -0.2527360067781537 -0.4449166216276765 -0.4489954794466477 -1.759619423238981 -2.607508921967209
 0.308958241012359 -0.009657509244796358 0.2264649348128174 0.2937842677877534 0.08142843437788727 0.4492189742181374 -0.2696679395287624 -0.4296738885845386 -0.3857645940391983 -1.979402810240554
 -4.718056213855306 -1.317294115516521 0.4348520152693105 -0.9646880763202397 0.8939389044743571 -1.778884400620679 0.1435494025191879 -0.09561194304305332 0.09644809894789219 2.346143115239414
 3.528142566968683 -1.434777951100326 -1.256668269244308 0.007223022030309778 -0.003757758431678582 0.5110796710600987 -0.1552196361537028 0.6130572264834093 -0.3739453114488924 0.5825724020274556
 5.116248049321364 0.1955740820178065 0.02412239730804089 -0.5658361339470197 0.5283931968283717 -0.2038570655260656 -0.4446023757831838 -0.05314782093596904 0.5582674083148582 -0.2087877327814631


# name: DatT
# type: matrix
# rows: 1
# columns: 50
 14.94454097747803 14.92566204071045 14.96206188201904 14.96489119529724 14.94261884689331 14.97552490234375 14.94894003868103 14.92272901535034 15.00326085090637 14.95171689987183 14.96373987197876 14.92181992530823 14.92496180534363 14.89894008636475 14.92414999008179 14.92949199676514 14.90949296951294 14.92294478416443 14.9654700756073 14.9883599281311 14.94977712631226 14.98023200035095 14.92548894882202 14.91750812530518 14.94063496589661 14.96666789054871 14.93906497955322 14.94275808334351 14.92334794998169 14.92916297912598 14.88313388824463 14.92491102218628 14.95188784599304 14.95394802093506 14.93797707557678 14.96605706214905 14.95559787750244 14.93570780754089 14.93804311752319 14.94699788093567 14.94905996322632 14.95542907714844 14.97783899307251 14.95515608787537 14.96706795692444 14.91684985160828 14.93183493614197 14.90949392318726 14.92229104042053 14.95348691940308


