# Created by Octave 4.2.2, Tue Mar 19 14:09:08 2019 -05 <ubuntu@algoritmosb>
# name: DatK
# type: matrix
# rows: 1
# columns: 50
 2000 2000 2000 2000 2000 2000 2000 2000 2000 2000 2000 2000 2000 2000 2000 2000 2000 2000 2000 2000 2000 2000 2000 2000 2000 2000 2000 2000 2000 2000 2000 2000 2000 2000 2000 2000 2000 2000 2000 2000 2000 2000 2000 2000 2000 2000 2000 2000 2000 2000


# name: DatF
# type: matrix
# rows: 1
# columns: 50
 5.042623781714495 3.754964646895341 4.204769244212079 4.167474654074283 4.564276309720901 4.097272805984736 4.495075181778082 3.818709771294532 4.047035723549416 3.840328441803042 4.070037335794797 4.428126864614716 3.875914508070317 4.702694432370073 4.757408862247925 4.629188580866759 3.311053036227507 3.704693710793623 5.136184583240565 5.353036920820543 3.622722592635564 3.31504942247657 5.139924017984055 4.443257803480495 4.274610639026416 3.696763265196627 4.16965846660879 4.354508894461826 4.228013590294776 4.184923059998176 4.335224050416631 3.90799960849869 3.96018748187803 4.894022257544739 4.52850213107053 3.074176725643797 4.782339535099021 4.507502934482733 4.353314802134652 3.646846359864461 4.556229650645441 4.33940311641413 3.712370297731914 4.605149810201501 5.390091394651837 3.236320072122108 3.986239046428802 4.769551043958989 4.619426119330571 4.01330900333192


# name: DatP
# type: matrix
# rows: 50
# columns: 10
 1.131984030408724 0.6377342603542608 -0.5052101170354071 -1.052821966196511 -1.085363763714746 -0.8401601917383594 1.699941699927603 1.073595449152958 0.288937865234665 -1.001590479837432
 -0.04994112409808693 -0.1769720665198982 -0.2740713054575039 -0.02885221550061701 0.8025878664655473 0.3852454060783082 -1.218212589820922 0.0492409311209947 -1.134450764812875 -1.085089050167049
 -0.8600845566351012 -0.6673328844141615 0.9008337024451087 0.8273956296496436 -0.2847302953253212 -1.07308490562998 -0.9175375567892097 0.6864201354898682 -0.01631687767259393 1.161063112568772
 -0.09437155687018617 -1.398373059265758 -0.07679004392237232 0.2462808780458055 1.066154897826951 -0.9714588114829645 -0.2544614930322986 -0.7504911699386412 0.3104534649813182 -0.384354959942705
 -0.2924441348389273 1.116772006454191 -0.008775890792101393 0.7078758882295979 0.7610854747606588 0.713948981547869 0.1795623272029658 1.592301439096985 0.2197261793937457 -0.5796432522134438
 -0.1232818819609065 -1.639423420594213 0.182831820593659 -0.000572107101106667 0.8346138685654623 -0.125362566368608 0.4622147263312044 -0.3662293032269801 -0.2829455262056229 -0.876068299904432
 -0.3426703470271093 -0.6316790536135457 1.441936001075593 -1.070276147939758 -0.007411556352970194 -1.775782239375783 0.04760890112270033 0.06386151292650766 0.2377729798083585 0.1130481214296317
 -0.4204935537476757 -0.5958250034296704 0.02732654956164637 -0.3327725972943263 0.243778783033342 1.123124688466419 -0.2798434815215671 -0.03043608508053808 1.007833992635831 -0.9000659494185115
 0.752169551206638 -0.8299366225863452 -1.025812654180324 0.5338759918327334 -0.7030121172380888 1.023606181252966 -0.4118300669783004 0.04603040278202286 -0.972151874167114 0.08478213953829794
 0.03045367310735969 -0.2990261447942437 -1.367385307577358 0.1148391323932749 -0.08919323848212102 -1.278420529898792 0.2595587773523746 0.1981592815265678 -0.1065834318706997 -0.341899277800934
 0.1984566225566589 0.05159228458983378 -1.316828784994247 1.064929265167908 0.4297203603440991 0.087600634478882 -0.6656056762682638 0.01628693386921043 -1.112727265764182 -1.031863062772601
 -1.141780876270005 -0.8929747294595423 1.100828266472583 -0.2252050754488906 -0.004876644115942241 1.2722815404152 0.8794424164178771 -1.046079795042758 -0.6166559232138908 -0.7635673724423775
 0.1444456858099734 -0.9993559644781271 0.3888870942777345 -0.9111926203430905 -0.0544017009361184 0.2204489196903694 0.1130475337687251 -1.618406351182436 0.2596012984306597 -0.119305434955205
 -1.029829225236455 0.6699006143668775 -1.413957723699617 -0.01734733706145164 0.04191342880407589 -0.05603339205668334 -1.147077212618704 2.006190168041947 0.08495694707570323 -0.5567712129509879
 0.07577883693563692 1.624292555344823 -0.9093641648095492 0.9767771552387572 -0.8639545884496904 0.992696945296295 -0.3758635519537847 -0.147905331241553 1.359940272206003 0.8062795495523503
 0.6452333999283333 -0.449819340201838 -1.158711502567858 1.415544587627132 0.3371822972352092 -0.1606870250454087 0.2610033708063035 -0.7629088728306321 -0.2675645988258708 0.9659749429838165
 0.04658380260484307 -0.6248735869763777 -0.4058360084585786 -0.09420528959716989 0.1996102531940771 -0.2013222882944348 0.6601255332413167 -0.3096057741370792 -0.2023000912688104 -0.7168548289070884
 0.5919834916408888 -0.1066143849949235 -0.9844370310665767 0.9061193736951338 -0.4712870731150112 -0.02167553292567703 -0.3452691855185037 -0.2603318194362707 -0.1726499123380307 1.038261874337913
 -0.3167248078264642 0.4603946776391794 -0.1348644169321567 -1.516903847979407 -0.7816548067519591 -2.142044251642929 -0.2713274202599401 -0.2330748674196315 1.113776755074571 0.08146031234908335
 1.444434532960663 -1.547266199296743 -0.1775215882936898 0.02761705279229076 -1.391256772996158 -0.2633500411050242 0.8201726054638314 1.059832267666078 -1.238445797017665 -0.9116014999480377
 1.068964499437307 -0.4031764178675097 1.047984499865422 0.1068091981597767 0.08911978130535303 -0.6317129440600482 -0.8145624839478991 0.1307666595040509 -0.7795725535204667 -0.0939498118624158
 -0.6826722896136594 0.3163607324407316 0.3966136727016405 -0.1399157898687378 0.7270988514853585 0.07571013921740288 -0.0771509583046992 0.4617379974574405 0.1641748528801728 -0.3498122311160401
 0.0943576813825473 0.6350982220925623 2.169732144695601 0.3492806228226506 -0.5459229898320217 0.6052410313264822 0.3655499017898975 -0.1908480944532052 1.300890785415778 0.2027323939275476
 -0.1985853363932613 -2.339991979908827 0.8741625800856809 0.1483965238641289 -0.08420097526148851 0.08044059363790623 0.0217836643332916 0.2482402735315645 0.7523411654899554 -1.111480498267259
 0.5860423461768605 0.8789261327646081 -0.1603915323995899 -0.8118111445317595 -1.129529556393326 -0.8372317873462052 -0.8346083760178189 1.041842498135377 0.7127099660562735 0.9424564666287019
 0.8222798787854337 0.2526636841596464 0.8278697468729916 0.09918600254431809 -0.4431360550283365 0.7396414620877643 0.5083944583661903 -0.09449672029413136 -0.6907645603775485 0.1496493604919564
 -0.3527022437177507 0.8718941107061902 0.7457561249527735 0.9532913023858356 1.121704398384392 -0.9548128791456776 0.439677508466449 0.006668368141625081 -0.8983476368402066 0.3620352712917914
 1.281316533978753 -0.9683647642040967 0.2528279040327597 -0.09939056469201901 1.211776324954563 -0.1171888141744759 1.022098277745521 0.4456530303199955 -0.8347205118578458 -1.075815069062696
 0.1688371513502425 -0.6780147688283975 0.04977270519707488 0.8874176000162031 -1.056535091566779 -0.5601291192129416 -0.5521936943755925 0.6317756278173263 -0.7252433416131012 -0.9818167685179837
 -0.2804859847949785 -0.3800561800293316 0.4036728794111717 -0.08131627736482372 0.793609446491967 1.331176146715126 0.627933379228697 -0.8798847706483492 0.1546377955402534 -0.2892957320639553
 1.339154172684484 -0.3023907232366589 -0.5383407890354093 -0.06412494479269526 -1.096738793868187 1.172609613487268 1.111846475788401 -0.1568203432090343 -0.164521026572551 0.2166700939507926
 0.09973520399407931 0.02472844596015733 0.02211906291451982 -0.8969700496626487 -0.03032076144339158 -1.175718199002564 0.7285205133400545 0.2048624541841519 -1.838333399147668 -0.8384368495815941
 0.1355110291934913 0.5769301088462981 -1.073290715513462 0.9962950539838822 0.6412915779861947 -0.09065411454693262 0.003983941141999736 1.761842867228335 -0.03394134983867403 -0.03622181603535424
 1.02783069041018 0.193621224198246 0.2108112125008219 0.04991517528656075 -1.235595301051248 0.6939487632104786 -0.9068707017385407 2.172223837362409 0.6551720023259406 -0.8292222207008564
 -0.5263972050584265 0.2665997482383915 -1.59279091872267 0.7389878195597142 -1.454049441100736 0.02217698011920533 -0.8388076664512845 0.1484598459229787 -0.02551633334408265 0.03076408504969663
 -0.02390605242000987 0.9639072531999453 -0.1106029126914194 0.3553448218830049 -0.0261949888681805 -1.134886085939012 -0.03663757311190707 -0.2182932581219745 -0.6489585575315218 -0.1124270515448309
 -0.240424962676336 0.6978029381668414 0.7029801146297388 -0.2666884597695258 -1.96402370106804 0.8936796979932247 0.6549491565516803 -0.9590228846090767 0.07821756841629224 -1.19578760738586
 -1.124170170070215 -0.2665586709647556 0.1272635715305377 -1.348385226220987 0.6368865199607505 0.004116992449784362 -0.6392770599183137 -0.9277774687970393 -0.4818284811430935 -0.576866464990033
 0.09065153994933084 -0.9283076651544704 1.956153578023038 -0.06639020973131338 0.381778513410957 -0.1571250222242782 0.3225384988130138 1.125632522135788 1.01947800111795 1.101738448443122
 -0.1615955938815752 1.012115262338749 -1.149379060853924 -0.03871247116880028 0.6465111901258283 -0.01309219193900546 -0.1366514536404217 1.215579777391408 0.1185034862738732 0.3547104084012567
 -0.4184257806358964 1.481998367081797 -0.04314803009951262 0.01286463183533826 0.4119806867769604 -0.1932148024663469 -0.9870124321523583 1.086015153060622 1.239052068150375 -0.3226954036748104
 0.2211784656994702 1.943340753088652 0.1755616421998418 -1.014851417904552 0.4907363549050316 0.9615346083873746 0.1012255863225633 0.8194227381962449 0.6314237042812536 0.07531814434521422
 -0.3301487788215418 -0.180106160578525 0.3789324136327004 -1.111993081768663 0.5573474697762855 -0.9540619527897007 -0.3123845167013428 0.07783960553759073 -0.3259752708712078 -0.1379512695258533
 0.03771622506068439 0.1528761055216386 0.6449597859597311 2.107198863315816 -1.013176959596432 0.2516127485889683 -1.337846786019632 1.081498901177003 -0.06734109419091183 0.165407607373858
 -2.167159219709145 1.187232316634606 -0.5803095284414503 1.089039334666349 0.8473435324693561 0.7687638923842037 1.205480885993172 0.9616129544073928 0.6223911391776902 -0.9166653829296756
 0.6617120759171122 0.06153478986567507 -0.5770238184146166 0.1817978498094668 0.2745366567162577 -0.233660695003195 -0.001420283615516382 -0.03792661819719712 0.8653014220097859 -0.4904951004305005
 -0.0662381011625861 1.696363056518472 0.7256162445725991 0.1114284396772867 -0.05480276545318219 -1.035626466792596 -0.136625228215177 -0.09826010128572094 -0.7531463330185524 -0.4496473366184084
 -1.022246162729992 -0.6200672681467232 0.008777148896122355 0.2333874697890082 -0.3662098559019498 1.139837379060864 -2.086662318099194 -1.006054651344137 1.219048774320271 0.06641388396935
 1.187859008724615 0.4786408881686661 -0.5564663145110487 0.8387993599634136 -0.5175885548037691 -0.6484752805141838 -0.1907286568077247 1.090428785456506 -0.6512042958007918 0.3666908745529938
 0.01362133608382621 -0.1970668877313031 1.307539352266129 1.202027919890682 -0.03459192718768023 -0.1699436930995688 -0.1074841887294582 -0.6530530112019299 -1.085908056949016 1.097668432440603


# name: DatT
# type: matrix
# rows: 1
# columns: 50
 15.97581005096436 15.92767381668091 15.95161509513855 15.91960597038269 15.90354490280151 15.95034313201904 15.94828414916992 15.91694617271423 15.93311500549316 15.94133281707764 15.96322894096375 15.98130917549133 15.97319221496582 15.97349405288696 15.96428799629211 15.99275302886963 15.93539619445801 15.91771411895752 15.91253519058228 15.9246039390564 15.94420909881592 15.91953611373901 15.93670701980591 15.93595314025879 15.94881200790405 15.97566914558411 15.96813988685608 15.97045087814331 15.94155597686768 15.92533397674561 15.96051502227783 15.94995021820068 15.95156693458557 15.95102882385254 15.97049999237061 15.9185049533844 15.94808316230774 15.9364161491394 15.92648386955261 15.9471378326416 15.94705295562744 15.94359302520752 15.95916700363159 15.93714189529419 15.92702198028564 15.91996502876282 15.94488501548767 15.96740007400513 15.92819213867188 16.09113693237305


