# Created by Octave 4.2.2, Tue Mar 19 12:00:36 2019 -05 <ubuntu@algoritmosb>
# name: DatK
# type: matrix
# rows: 1
# columns: 50
 2000 2000 2000 2000 2000 2000 2000 2000 2000 2000 2000 2000 2000 2000 2000 2000 2000 2000 2000 2000 2000 2000 2000 2000 2000 2000 2000 2000 2000 2000 2000 2000 2000 2000 2000 2000 2000 2000 2000 2000 2000 2000 2000 2000 2000 2000 2000 2000 2000 2000


# name: DatF
# type: matrix
# rows: 1
# columns: 50
 194329.9498256629 150293.6188650976 160456.0020259075 21256.60732462637 44730.30740550635 43096.64051509183 148488.2597797266 173634.5143812665 113446.655471941 39652.50028209234 81154.95945737978 52010.56897385032 96362.3298934199 132821.938689735 16686.93413325372 91734.26640349587 204811.0654853431 105968.2651493812 117992.4996208196 157406.0011233522 159457.8871046922 168455.8263642031 211400.9501922381 120675.3676162339 58738.23241817948 117933.7213420774 87832.87769063038 123511.1524658834 14903.72336857208 142109.2291218423 169296.1587079388 228047.8462451359 158420.5018592547 139864.6393071 49169.57712419843 37068.80983968419 95427.06995131954 200378.2725240155 65457.98546191253 130542.4742630353 137478.0588060016 88012.69387342787 120546.5904195525 61915.16635003735 278805.8612963787 107664.5077400715 215567.5827862604 79885.71879466674 103063.098460124 147639.4585127823


# name: DatP
# type: matrix
# rows: 50
# columns: 10
 2.734249817306349 -0.5922176152222107 -4.335173330104531 -2.344749010637628 0.7089216735136752 -2.516641137401635 2.59259755862567 4.900175229517934 3.722570231124081 10.26575612095282
 3.379723442334019 -4.017464811890036 -2.339391284487956 -4.453345378055431 -1.420508738730334 1.661409831732872 -3.961459008381972 -4.466784820646776 2.595613102778401 9.614173303343357
 -4.69727786939502 3.010551888067319 -0.8888171321185752 -3.983632517023565 -3.897354836330031 0.5537799234394285 -0.3264205501457837 -2.947037490187491 -3.514571228473429 9.378054381704146
 -1.534217318032038 -2.941582933956798 -0.8599555134704673 -1.417867741175922 1.399140860095393 -1.222400553989448 1.139361902506735 2.062311875208309 -4.066155982031038 -27.50027692163485
 -2.875097661683753 0.907827599995386 -1.672252115160219 -3.921715779628286 1.033914029677394 2.143256705942022 0.740947686636666 -1.797941678534514 1.655637495834213 -7.947324846098081
 -1.495745821859142 0.8146237576245916 -1.708471311768978 -3.849330131500981 -0.4018885138888457 1.278163005473541 -3.794203627234122 -2.701201480206421 -5.577148327970988 -23.04656841975252
 -1.044581298257111 2.656515592891679 4.184925850344541 1.212701663054041 -5.504487773992427 -2.820397862372211 -1.738629730181618 0.5582975217208137 -2.071112828027317 8.638220443043465
 5.05932143808883 1.68438818555995 -1.905739759960767 2.181676191205206 2.303141524382504 0.1142880431053648 1.456680630791613 5.608630299589649 -4.167857461083411 -25.75568469098994
 -2.360936341167289 5.515863994146926 -1.091837145296353 2.468785200283008 -3.189471643539211 -1.666942606617948 -2.371759582340356 -0.1645229414772658 1.110652445741934 3.756756243450361
 2.53003914872582 3.740974177065929 1.337181701211499 0.8327951703093568 -1.82433685046983 0.9832265761460661 -1.219394050832506 -0.3204382568495205 2.531171109524195 -11.19011341274126
 0.8654526801100175 -2.395718049403872 -2.650290530102801 -5.044301869288613 -0.8696521637201577 -2.288622914704582 -1.924339997196444 -2.926702162106199 -0.2549308807012984 -10.4630156660464
 4.100590650608957 -2.608755439916976 -2.552113258364034 1.705776425944084 2.871718793788091 -2.679899177194493 1.496101495860326 -1.901890881756028 -2.141535061229789 -14.07250028947971
 0.7393135874651655 -1.93880225974857 4.137477934231484 -1.138483037367347 3.698407538880652 -2.156568489692432 2.777451049762732 0.9307342199562569 3.262297638933219 -29.03854004869485
 2.684862451581182 -4.290769479534255 -5.67269540858949 1.283315782576469 -0.06884166577044226 0.5322163691658091 -1.379699170639814 -0.9861719063073764 4.683050731395888 -22.04086615816053
 1.531005249900346 0.7530497110117302 -2.555578997537445 -0.567171165285405 0.232335652426837 0.157892813504219 2.624940748639915 1.038420294708921 5.599639343868695 -29.8845462189637
 -2.879819517559444 -1.542588451603972 -1.065841506925668 -4.430587188775853 1.576577331663046 0.4135850897822948 0.1866311504547298 -2.710954587321531 -0.7150000369535654 18.18292880224197
 -5.136737185216713 -1.851395275199913 -2.593972158604259 -0.4869110075292049 3.147474406153513 -3.468325299812449 5.482009248167273 0.3028419490786334 -3.398729757840009 -22.2116229659625
 2.055757971367761 3.972447439949946 -1.503732412376397 -0.8655274356632319 -4.197516602757059 2.202494760942685 0.9512054580327032 -2.504367836693294 -2.693840127551717 -25.48433194960624
 -4.772496901145836 3.354258378925216 -0.2691491666248744 0.2294844532755 1.38805771613205 -0.7767513565620696 -3.307110947983627 -3.4830058108614 1.515134690154369 8.809280273070556
 2.142314056975138 3.426422659843801 -1.45289581690254 -4.760021812012166 4.750754020310296 0.1274751382972035 -2.056973065693509 -1.504399469387412 -4.782270814753048 -12.30214793993791
 3.462470212483332 0.5877393542055742 -4.225120727145828 -2.515147143160462 -2.565982921999026 1.820401468350447 -4.378848076461853 -2.204229757710166 -1.886427002620518 24.77568792666241
 -1.075690698972789 -1.524606210233763 0.6693106903464177 -6.363674305772623 -3.89815611369513 -0.04040446800903652 1.893394472783161 2.12704740653146 1.157275433443971 0.1502228775372245
 2.092003562622352 0.2086063505250486 -0.8669552516683936 5.081054520555952 4.202818940242835 1.146012940927125 0.8264261946631706 2.020600801944987 -0.02518731897909987 27.82028855164555
 -3.241978975723434 -2.926067605215326 0.9028123511515354 -4.769349871234926 -1.270587043846962 2.465328632745212 -4.838126230711023 -1.130646122756961 2.177620327686036 -12.21028401294662
 -0.9477431246077224 -0.9795371488062123 1.732964208323878 3.292091467313448 0.3751129339710815 2.89065999533058 -3.558295763390159 2.089210599635486 4.634546283918674 -12.364168870174
 3.970805057264414 -0.07160402155029288 1.90365356723478 4.216679153118292 -1.071339218061503 1.962074388422444 0.1793736459787212 -2.457027056145723 0.06289441646919158 -22.78405050226209
 3.360821281415483 2.175198600773157 -1.427353896625778 -2.523558559034903 -0.5458245298637365 -3.391413657858166 1.726858121193551 0.275430629417567 -2.173815091038861 -25.98029600046719
 5.250487512726295 -2.029343885471491 -2.207844967062744 1.630054734024842 2.404761804402739 -2.704952149081421 -4.59121141986051 1.001943402598954 -3.399680115047339 -11.05852662829517
 1.948305014095194 -2.286772883792114 1.538780899674329 0.7107288171307218 -2.53240025919925 -0.116799265333718 0.2293407638810372 1.247045266073879 3.954084462251515 -19.51850138538204
 -0.0333075887920451 -2.23962320092345 2.595098440281248 4.531987377863089 -2.841285903407734 -1.784412031167253 -3.609079393475994 3.349760529138941 -1.902687418489133 19.23903630026802
 -3.614909647670732 -2.105812481906565 -4.095581372288592 -2.670310871665308 2.276340730870537 -0.400996514754663 -0.8208070903772935 4.72774366010956 0.8288319135597959 -27.04629172625305
 -0.2440742097044151 3.419470330967144 6.42373726730186 -3.072893638594064 -2.910033607252362 -2.716768964958387 -0.4812243759902053 1.315116214347032 2.800285508958765 -26.12388752289564
 1.659781933150644 0.499314778290227 1.384296281149894 1.228024800485606 -0.6471165840508988 -3.386818353549994 -3.081055162868399 -6.272830589274484 -1.222479106937701 -5.567686711470348
 -1.099346112215333 2.332827144575582 -3.364124217781285 3.066322980660573 -5.286530467760972 2.987601686138973 2.040182374177711 -2.867084352540466 -0.9360794882840651 4.143005751297224
 3.53672541715563 -3.849620046961583 -3.246360189417143 -0.578147280257852 0.3698306820573372 3.170309521604551 2.269206774774162 -2.064347912011783 -1.254481977604204 -2.641030500228808
 0.8840230723680023 -2.054579610514388 3.312504072667537 -2.925380970948869 -2.950714811679926 -0.8786041456650118 -1.985226281150958 -3.178766013837212 2.151360291893205 -3.177235723226818
 -0.6541429732630171 3.209863432796929 1.284890911894113 2.340846015951996 -2.167313075762802 -3.86519841290816 -4.456204776246938 3.244588603568666 0.8649641591645043 -2.978526452237002
 1.638214349833685 1.776371215193446 -3.607847427787064 -0.7177425016477343 2.820235788724695 3.320500776693116 -6.465462527809418 -2.611286163221493 2.022666660970593 3.546309121587498
 -0.9278764143809255 1.017693159147729 1.809020676839108 -0.4573211054507347 3.312747809244058 3.508048692213841 -3.245843833841032 -0.4569686450035597 6.081058572232067 -23.24644238920268
 -4.269812683700611 -3.188031255443263 -3.039883539670917 1.929815011655528 -0.924799828308938 -0.2411314058465379 -1.160454070496744 -1.051945798982207 -0.3827456823913806 29.74099182896656
 -3.438513338308837 1.9773881340843 -2.957995433674075 -1.514671731339618 -4.647796887961384 1.341367309661418 4.750039137120211 -3.127396833272659 0.08321020309275085 -8.975657474419656
 -3.014404195867442 2.420131751489336 0.5436983488566902 2.071458514576143 0.7506145229042431 -2.86945586050285 3.498790793613352 -4.421357012828977 -3.182322702117002 4.122336408794695
 -2.675781015507415 1.134930010494951 1.45212749160369 0.8450504299533748 5.152491798412626 -2.265392689161914 0.6919956339067461 -5.0605074412079 -4.848806212116731 -20.41728356903188
 0.8589239453348085 1.178204314265876 1.610893509215757 -3.153165772703826 -3.298803366700028 2.599197931551863 -4.440620115796666 -0.9040702526098379 -5.209091008523693 -26.15307225485244
 3.604064522036062 -5.356739919803072 1.237558293606742 5.827769506718894 -1.638737828444974 -0.1143287124706269 1.275218916990774 1.178342597605642 4.345522520465551 7.27985462057157
 0.5678578728389461 0.9490563903372724 0.208990479723262 3.417828078975994 4.906766857488861 -1.963745634486227 -3.17877710681676 2.123490261885422 5.553741204271823 -24.11938615470182
 4.568346917053141 -3.142145065569949 0.7396842372970589 2.403970384395876 2.672413431748893 1.358597429053916 -0.1140195560675359 -4.971243737031703 2.383483760233851 22.84255288711651
 2.799401451459559 -1.797801277017967 0.06822905767882403 1.980283129225409 3.392212682750497 -1.76433530264309 -0.6350565646886359 -0.505967710060311 3.786792133554435 9.659542238605042
 -0.2110904448547544 2.374616645167748 -3.335417069696028 -4.475659086142038 1.926007719968698 -1.861068359532382 -0.05861358135922146 0.6582234431249709 1.387603487265903 -23.69423493826043
 1.400604296897111 -3.092058068880846 2.03613065806352 0.2817369070092184 -1.477730990274246 -3.29773982673332 0.2952802374514221 5.940309217890842 -1.687118563942647 2.347966862337081


# name: DatT
# type: matrix
# rows: 1
# columns: 50
 14.63615584373474 14.59703803062439 14.60870099067688 14.63178896903992 14.64907193183899 14.64578008651733 14.63793992996216 14.65698003768921 14.64339089393616 14.62425184249878 14.64104604721069 14.63184213638306 14.63306307792664 14.60500884056091 14.63686585426331 14.65292096138 14.62296199798584 14.62133407592773 14.65104293823242 14.60732793807983 14.60097694396973 14.62371706962585 14.62841200828552 14.65111184120178 14.63004589080811 14.60460901260376 14.61500906944275 14.60143709182739 14.62925314903259 14.59581804275513 14.59794211387634 14.61214208602905 14.63116121292114 14.64610886573792 14.61794400215149 14.6519877910614 14.64495611190796 14.6277859210968 14.64709115028381 14.60791802406311 14.61199378967285 14.57878398895264 14.59416818618774 14.62312483787537 14.58505916595459 14.59260296821594 14.60303616523743 14.66151094436646 14.65820217132568 14.65082716941833


