# Created by Octave 4.2.2, Tue Mar 19 09:53:12 2019 -05 <ubuntu@algoritmosb>
# name: DatK
# type: matrix
# rows: 1
# columns: 50
 2000 2000 2000 2000 2000 2000 2000 2000 2000 2000 2000 2000 2000 2000 2000 2000 2000 2000 2000 2000 2000 2000 2000 2000 2000 2000 2000 2000 2000 2000 2000 2000 2000 2000 2000 2000 2000 2000 2000 2000 2000 2000 2000 2000 2000 2000 2000 2000 2000 2000


# name: DatF
# type: matrix
# rows: 1
# columns: 50
 469.2706960300746 404.33633478421 878.8737984957255 718.7023065337208 487.1873528395299 599.8676187262708 354.4832917185024 389.8366704705343 626.8122110188615 544.9665449353853 799.1843357497734 375.0578037705625 759.2813167295415 559.9711870081513 617.3750912283964 482.4767408480005 216.893581226039 446.4132906379847 451.3254989005399 585.1331628038134 709.3997590332472 275.1465770540868 463.6605102074691 434.1423906790241 738.6642258743329 607.4212897488094 685.4309468161849 404.4352048369358 459.6242078934554 414.8737271200598 627.6018329715808 448.8421061801239 676.9329474383686 814.5898344969221 517.873259693415 645.1158683145549 299.4581765563481 338.6309341476386 643.810707312153 315.3485204313088 315.6253342554864 606.3367247720253 485.9560221246356 198.6677796554577 528.4628968135162 290.1916619583973 796.5813895891949 457.1114263051618 595.7860330448117 664.1029650769148


# name: DatP
# type: matrix
# rows: 50
# columns: 10
 -0.158616755879919 3.621490689103496 4.412555648425226 4.89403764800268 -7.416983619945043 -0.4595545824943059 3.390527591319994 -13.55077365283867 12.72892366519623 -0.5836197802184842
 -7.063518582302578 -6.952695255270982 -0.9413689390844127 -4.227182876868127 3.46457646960674 -3.147331795709377 5.466352660053175 -10.8692338155883 3.799195040894034 10.14808812083636
 -11.73187050295006 -11.47472514508603 10.40653279110775 -1.274831181900154 -14.65269587475389 -4.101707518886585 -2.782909972985536 -12.69528162234232 -9.713811890246561 2.201856210514137
 7.125792934269668 -4.986995899937483 6.685954385059944 2.796738094322237 12.61499157404279 -8.283437559888753 -5.725534866226425 -6.342326357165049 16.20964109320822 5.197966502466983
 0.1513404503840121 14.79335737408964 0.2588075840777719 3.48391154980321 12.77724487104605 2.542661229791761 3.168892036730156 -4.110924029148066 -7.705783470513651 -0.2694825136587866
 -1.25765742382157 2.528755595495809 -6.911883902151615 15.15672303263052 -4.426584590466717 2.768195821819418 -2.85346698888263 1.044210680038773 -3.389575666598546 16.32211650672448
 -5.114120938790222 2.784731410930718 7.673724547615933 10.2924939596552 -9.299113493720739 0.7470806213408423 4.61878966712203 6.880069512638727 0.1890358352739838 -0.1299965766066293
 -7.636475220855402 -3.008729413478704 2.258779837348925 10.63458757849304 -0.979352253626061 -9.411567427336834 -5.612207501101523 0.503593347684955 -3.052927932323229 8.582793492727703
 6.237192844631068 13.17066896786544 -7.392416262840655 2.139098552334929 4.411915789707749 13.56394575992161 1.957713536331525 6.219042200203248 -5.38142343825956 8.961310319550179
 2.04981481215421 3.031303132912868 -2.203933983538363 -9.931257562179752 7.997493617089276 4.788757994676772 -11.55461271851507 10.53825468493893 -9.074354460112346 3.780066227365651
 6.081654301263413 17.22115669368451 4.017767916913741 8.995673891017304 3.66584753460468 -2.368146451454948 -0.4352076520719663 -5.094922634045858 -17.81675390671708 -2.435991209177899
 1.702177921152582 9.086660007737507 -2.051364253521598 -11.83356395736693 8.46071510127716 -1.72480752721718 -2.331253273179001 5.277283155785554 -6.110796079840895 0.4083181051557432
 1.83434953910448 -6.564035322893034 8.273037377379424 5.611353745964891 12.49171182385567 -9.293377761836965 9.135485370602112 -3.256173029923616 5.205499198884908 -15.79027448420483
 -9.958851634614788 -0.4839637450006506 -2.002665896407962 -1.401201265662806 5.866814453250242 -1.864267531392159 3.216063247010979 14.19973074667459 14.28300881821737 -0.8422839760445839
 -4.957611668717149 3.328700238536541 0.6304002230083938 0.1769839861936759 -9.506618514619504 13.66813064792662 -0.3918804792649127 -5.203612447305758 -14.70197052763737 -7.792016653051078
 4.85049097883568 -9.985118912622966 -7.69362857377368 -1.918420102129815 -1.655556746983009 3.858467812871751 -9.501291766859822 6.834253448190267 -3.31551279537203 -11.43554937721612
 -6.311041955225988 0.7202928291466009 -4.304742368596777 -0.6757834888506693 -5.603530933833824 2.786582039199303 -3.056644174058903 5.900804164278227 -3.546403510473979 -7.851998413347175
 -3.024791353119795 8.806066915580601 10.35231130058962 2.498829180832445 -1.39647354922154 3.048157811873835 -2.966207594319243 14.58784108832087 1.443830564449598 3.372398348030117
 6.924407682939517 -1.088385349294683 -0.2091244483836903 14.6111087329312 6.663930740754338 9.289824098554746 1.958133669587355 -4.808799597096737 -2.807155560323196 -4.808065615136371
 10.03740933233986 -16.73042545031272 -6.214445990784142 2.212085169731935 8.727831830087197 -7.67704358254727 3.007387442586605 1.603164320886933 3.525196526017467 1.345440054638559
 -13.26363418334643 1.523280000811397 6.452408038470111 2.883327170594782 -11.68403195729829 -6.830625276919292 -0.5057334591131166 2.015155844629589 -5.994728302496696 -16.0555538357203
 3.96106540606705 7.31527664425235 3.760657322938528 6.265962236150827 5.591176018290568 -8.117452865330108 0.6539342054114314 -7.346082779944183 0.9206635283139377 0.3794278587976692
 5.470760576056577 -10.72647918850213 8.560619041285719 0.3721802429483319 -4.726575937595371 7.849067523378764 -3.879056328107197 11.9022000660661 -1.969491260616437 -0.8452782541557298
 -2.438406735337793 -15.1351049554774 3.27046174839019 4.497768625926483 5.300269097599681 -2.479202112909874 -6.053598502651795 -1.317277837507078 1.932730282215715 9.583491060088633
 -17.17299277148285 1.335537230216389 4.52616568177497 7.781394571569663 -3.259445865889234 8.468706488978782 -4.520032401116865 4.405397040274877 4.598764263075552 14.75136544555187
 8.455829355129239 6.323729917724592 8.319957078541989 -12.38473104163512 3.159450579597959 6.399724635551323 7.126331937300677 -6.837124201095705 -8.361127796937751 7.412792671906303
 -1.537795086324664 -0.6893152336036508 -11.76017149796814 -6.002630819469232 -0.8064020534679059 3.983369506069707 7.124379433620163 -5.848984125216631 -19.84856644745371 -3.578723607235403
 -16.77854897175929 3.194709333776331 -0.1020825496653259 -0.5408306060874253 9.702995230650089 -0.1758278061516592 -4.056495944543741 0.4073130940470975 -0.755338760018617 1.017733319668437
 1.760418759614254 8.180294575826423 -1.473870002565249 6.548295747464437 -4.976586461591509 0.2798743643781023 -0.9649693789019551 9.002833894696323 10.25311171302303 -11.51530364555197
 2.815759944816278 -0.5081863143916507 -0.2029408020917742 -0.1125719372340086 5.218171276967595 -2.132046361067353 0.6791070472448553 -13.28578008829631 -12.39908802659211 -6.644370272946006
 8.398316504694051 0.2130206974926381 -9.887813493473857 2.779331535886186 -2.689002270063924 -4.672392602289932 -12.52973677069919 -15.38123917094498 1.932505178729997 5.015756323020938
 -1.403093633371739 -6.963786215013428 -12.9261506460866 4.610841186015307 12.9725027200552 -0.2148362048047687 4.041483604625697 -4.961936115935245 0.2730444727150285 -0.8203380850776796
 4.002546949552197 -2.846630996238147 -1.420222026127433 5.252498170696185 17.03951200730309 9.530929343832 -6.47741387288373 -1.281420590158305 -10.28083168571824 -9.629406873004712
 0.1495363361301116 -0.1781293755358035 13.64194511830358 -1.302780007927737 -1.221270513770477 -6.702415268640237 23.25607047911183 3.422837035624724 4.73453073550661 -2.312046724956559
 7.068065791694181 -9.465548913935649 9.811040794152092 -1.96293635540404 -14.53980105157576 -1.135175948139079 0.794558296866299 4.458981942709428 6.007967221151375 -2.984207898272402
 -9.079896395682724 3.24721309994095 -4.590569549193148 -3.558671034217497 -1.18293947393849 -13.68226391828725 6.468299586188763 10.99663031359842 2.205672355149645 12.73404996332498
 4.662835579485844 -0.6519957521507678 -5.978521188038016 4.512447331810336 -7.542395425711007 4.319040624388577 6.97176857006842 4.463943889324796 -8.741896194491687 0.8313868811914489
 0.1249769120022961 0.06117612915662107 8.83333992465343 -2.18455579411156 -4.808200404343012 -8.682655536589976 -5.858141927867948 -10.60437735855457 2.770843753979889 -1.689933354965291
 1.48411619707143 10.8211146433454 -15.77200130428345 0.4584314780461085 5.552763519565616 -2.353736080614155 -2.480264428369296 -11.88251710387334 6.372764579694547 -7.156402081412651
 0.7012465713617928 -2.069919462293029 -10.85989388498587 8.531171845656232 5.855869946074492 -1.968598550821284 -0.8777253985048787 -5.391369430028774 5.042732105678184 5.140137397804722
 -0.8210508502546929 -8.218287815774701 -6.270343498138701 -1.56807982762146 9.385484988301585 -4.937825066237991 7.30671037650032 -0.2930153341823285 -4.545594798084736 4.362238160913137
 14.24694575521892 0.9437882220031213 -5.721145039435996 -12.99398412380151 0.245989323548315 -4.128977971824554 -6.10032009431329 -5.300876724643473 9.3040734244411 -5.648667967809914
 4.058542234954103 -4.004731734996312 10.09328902105612 2.650555913852557 -8.709699245768533 9.614109142289465 -11.31390151927522 5.824776912370822 2.099609505377018 3.148927051235276
 -1.749502415487655 -4.828760311604512 -0.7444549932646396 7.122637958540111 -0.1327239822331308 -1.103830054990382 -4.641262337420201 -9.188152731216718 -2.939770799322531 -2.272033139298529
 -9.283448683849784 0.04853521563748586 -13.51649451021946 3.113175917361843 -3.6953913349424 4.194624321873647 -4.904948438936529 11.03238939409086 -5.546272509266387 6.488957508330031
 -1.408789480911494 12.15016969231881 -2.042416970790342 5.928820231613798 0.7637133568554191 -4.874906056695579 -3.022026209920583 -7.187215526349604 2.64887379612567 3.017410347776163
 1.085723212827858 7.565626201316064 15.97724390863549 -5.902811884655378 3.959303873172743 -15.80385965031192 -5.414094299933552 -12.00538330600102 2.898233548923102 -0.876877238306804
 -12.38580786599067 -1.83844590233177 -2.743605692150027 -0.6337284702115653 6.820122362708759 -10.020874466004 4.021813873852821 -6.185323777802381 9.25055586235851 2.335878328950614
 0.2042713681931758 3.621742094357444 7.484341324974352 6.304211177987924 -16.37487682670161 3.808068919672138 -6.032476592329672 10.80034618058144 -6.935269032286186 -1.759164237729124
 -6.58251746949945 -7.288859764643021 -12.3758786999644 13.01542599745198 5.278579722155555 -5.37237367239203 10.55864727045926 8.118676089592611 -2.504217757860943 2.165045429820637


# name: DatT
# type: matrix
# rows: 1
# columns: 50
 12.96361303329468 12.9818389415741 12.98798108100891 12.99066781997681 13.01296997070312 12.97479796409607 13.00256299972534 13.01730799674988 13.03242492675781 13.02932405471802 13.01949882507324 13.00353002548218 13.04724311828613 13.03965997695923 13.01754903793335 12.97053289413452 13.01586604118347 13.02640986442566 13.05610179901123 12.96421003341675 13.00672793388367 13.01694107055664 13.0117199420929 13.02950191497803 13.04397296905518 13.0289158821106 13.06018090248108 13.01914286613464 13.05593109130859 13.02512907981873 13.0343029499054 13.08626008033752 13.06706404685974 13.0843391418457 13.09244394302368 13.1205039024353 13.0781102180481 13.08995914459229 13.08318996429443 13.06629490852356 13.03252291679382 13.0840151309967 13.06997585296631 12.84567093849182 12.58263397216797 12.64279294013977 12.64370203018188 12.64429497718811 12.59693002700806 12.62037801742554


