# Created by Octave 4.2.2, Tue Mar 19 11:29:25 2019 -05 <ubuntu@algoritmosb>
# name: DatK
# type: matrix
# rows: 1
# columns: 50
 2000 2000 2000 2000 2000 2000 2000 2000 2000 2000 2000 2000 2000 2000 2000 2000 2000 2000 2000 2000 2000 2000 2000 2000 2000 2000 2000 2000 2000 2000 2000 2000 2000 2000 2000 2000 2000 2000 2000 2000 2000 2000 2000 2000 2000 2000 2000 2000 2000 2000


# name: DatF
# type: matrix
# rows: 1
# columns: 50
 -380.3893681479237 -376.2045418954219 -374.3093572835963 -379.7485990990866 -383.1673958045515 -373.9027512087379 -366.0426139567669 -384.0024564718071 -375.2877811228307 -382.882631780864 -376.6381954681571 -378.3567263780376 -383.9239944234762 -372.9693501920519 -381.8488972754067 -377.2199842480508 -380.23017466061 -382.3712495330541 -373.5225800986871 -379.3983491018648 -382.7369158692253 -368.2800494812917 -378.5800802068064 -382.0331171197162 -378.3588286486881 -380.0154768580575 -380.1671734548281 -381.6232011960772 -375.4677099137777 -379.5865764007988 -378.0751847387774 -378.7256819101906 -381.1694936914456 -385.1764099168182 -376.3967918696273 -378.3617714274933 -377.887249126573 -376.8541878057779 -383.09375977997 -372.1218903009566 -379.5331463450609 -370.1333389683697 -381.0075508135079 -385.2463606238115 -374.8716602359079 -372.6150721517908 -377.6763497595251 -374.7544008016259 -374.8530013144614 -381.1774873244175


# name: DatP
# type: matrix
# rows: 50
# columns: 10
 -3.142204056516801 -2.488524113725351 -2.641821656060069 -2.595571313035002 -2.901101796759912 -2.551664498653202 -3.065390501081895 -2.599500613790293 -3.132477182731472 -2.773229617757412
 -2.916340134649337 -3.481575021284819 -2.454462077374734 -2.785996235890096 -3.132846971959318 -3.024376363068473 -2.560703562628483 -3.184307186589462 -2.81807811675781 -2.707436533329219
 -2.376203664446775 -2.440776491220173 -2.737475520951102 -3.329950041534393 -3.231938500837655 -2.932265870108184 -2.766274600756924 -2.562572300490011 -2.632645848971389 -2.68001815227879
 -2.697685546708364 -2.306504930833373 -3.27630772797912 -2.840866857601511 -2.925190755559926 -2.866206564141803 -3.09326357646302 -2.780352762473488 -3.15715778952899 -2.614981401395453
 -3.129700416684571 -3.080749466180865 -3.026544355436829 -2.527785207163308 -2.407936198766168 -2.72736968187737 -2.95450472643886 -2.861964739023111 -2.776120280829899 -2.815565381182354
 -2.82547673834681 -2.957794014721278 -3.038252194285147 -2.855188510923 -3.280181473256672 -2.905454457237105 -2.963141632958455 -1.941294975481151 -2.442173560614772 -2.914905266224195
 -2.552927053105035 2.694696693551776 -2.962097093819772 -2.749486119208373 -2.500498859118237 -2.850183785615738 -2.770514792112303 -2.774104810340025 -2.454460010732688 -3.2986130753027
 -3.254362498955266 -2.603418036979008 -3.019858828395226 -2.877049892230404 -2.978004709913643 -2.885493766053154 -3.297329030545205 -3.033624884843547 -2.840627808181748 -2.831200471429265
 -2.659725211319308 -2.730561043304701 -2.594387101810676 -2.751820662302429 -2.993548449485923 -2.702702167091067 -2.739186400679313 -3.546743281770226 -2.464173403586495 -2.796468020511649
 -3.206364980400586 -2.728297821489456 -2.548288324605589 -2.980636958985856 -2.771283969564038 -2.756405162496059 -2.751570536551528 -2.533742196839112 -3.022900413632036 -3.149181466162767
 -3.157106869653487 -2.347651993314122 -2.799346157817049 -3.114484857380699 -2.858765193282006 -2.836803915856557 -2.555104009192402 -2.631917371135728 -3.000728773086744 -2.298271479288074
 -2.512300123106341 -3.059093796744849 -3.377620462911564 -2.701193101835533 -2.746723438558596 -2.787916946692188 -3.221097958595646 -2.479017541761852 -2.824894771857252 -2.879319062738209
 -2.688564692643475 -2.709503029865369 -2.505803481023364 -2.951634231417496 -2.929398294671333 -2.787247131226375 -2.717407693323893 -2.602289793473045 -2.673481270802102 -2.665398761612199
 -2.989561551644798 -2.459071415866922 -2.704537413624235 -2.609935811739778 -2.230438897514181 -2.488645827006029 -2.868631071282934 -2.612554006334777 -3.31169806337531 -2.775639956054916
 -2.603615359049608 -2.445545917506428 -2.815550561679524 -2.82444794884144 -3.10998226715652 -2.693824927938213 -2.847056228799972 -3.012469993963405 -3.019043941706034 -3.299272603826388
 -3.010133218824413 -2.932273488103327 -2.982403214036767 -3.003101384475326 -3.303032220439804 -3.184387636841161 -2.675498947706914 -2.372111387232814 -2.627923849579441 -2.435252876485722
 -2.861971012337468 -3.036242720171549 -3.127896609142829 -2.979185931965033 -2.870527976585949 -2.453060493077305 -2.725941708517537 -2.785888075215523 -2.448698745424981 -3.308344321759275
 -3.083939025387255 -2.625501363929838 -2.804125369099814 -3.002506451069803 -2.829154916090987 -2.932791788338602 -2.847450452951943 -2.416923321391346 -3.209575642109918 -3.204817052693142
 -2.484290356020824 -2.95805085322178 -2.499952379744063 -3.120708516970631 -2.972189653202165 -2.522344388644868 -2.39192085554701 -2.886000368429857 -2.406636189128088 -2.497496339212648
 -2.74977092338864 -2.544459538664556 -2.928055927066948 -2.974799026086219 -2.754626911414341 -2.853090207709269 -2.129751349889337 -2.62495195699903 -2.903298164291943 -3.039972279950744
 -2.927702053769373 -2.951507862194496 -2.908624617813829 -2.549650466348901 -3.151211872682552 -2.536877831574361 -3.186003462881679 -2.606977006700232 -2.832588861791538 -2.681866199356459
 -3.247843322591273 -3.37380364990454 -2.941484986751322 -2.561251088883737 -2.425437502915923 -2.47740386141404 -2.586159889456075 -3.090038896337283 -2.967199154778553 -2.2105500211355
 -2.732634786424552 -3.016865368544654 -3.022985071301103 -2.841812106130833 -2.229555263423751 -3.116753839165298 -2.527827203552936 -3.084314334601253 -3.219331240267634 -3.047286951005279
 -2.966430195032782 -3.312006759183365 -2.989746264799831 -3.147519294307186 -2.845999904109383 -3.207520968751105 -3.020194847642999 -2.71775476714711 -2.822682149319027 -3.24684702447184
 -2.947023300736233 -2.442943159247828 -2.901278490482519 -2.592699629795044 -2.624563244041525 -2.887612758113593 -2.603461129349042 -2.799303400276107 -3.299273523228034 -2.473538076187786
 -3.219455308900356 -3.101211860090707 -2.874401387332432 -3.214023296074113 -2.856451075880151 -2.692280222383359 -2.749639285562077 -2.361785854900676 -2.588088701945003 -3.025699767604134
 -3.019339415415738 -2.440169964860253 -2.623399597909763 -3.027253058835539 -2.586135658677858 -2.956874345450756 -2.581080949660544 -2.960935834481504 -2.479047873522497 -3.087430884674304
 -2.879368611706882 -2.843754108382591 -3.04832427537424 -2.729541932327044 -2.826443329585792 -2.936671001448243 -3.02279580382967 -2.56723198687663 -2.2765996117683 -2.588973103594246
 -2.731585852709916 -3.226279033855726 -2.899190932123596 -3.12686622364859 -2.793560433817864 -2.848418991772694 -2.463954267184483 -2.184503470935921 -2.719182915297564 -2.522945932429014
 -2.979414907901806 -2.652135902923271 -3.119180130720482 -2.673078427967507 -3.407016593652421 -3.163438111752937 -2.727033936289423 -3.071419416055079 -2.980007842614578 -2.571152319964103
 -2.281753659972759 -2.350203760246151 -2.886681711881005 -2.949508358522358 -2.814496664164577 -2.900120212419571 -2.7130319841776 -2.57272727025682 -2.783804482875158 -3.153799952403306
 -2.385203450674782 -2.872797333954316 -2.800878740681225 -2.921594945399859 -2.71906829787534 -2.609410384130093 -3.344264511304095 -2.646432566401246 -2.810516050143128 -3.217925830693114
 -2.797642048580439 -2.786246997399039 -3.417949655118122 -3.110081861153522 -3.24755527219304 -2.708221897763347 -3.053698575183616 -2.752941613925162 -2.808133771328198 -2.852807894630625
 -3.085489850252965 -3.01754149204453 -2.805770384726971 -2.954047780691719 -2.85792974790775 -3.320207607882041 -3.052181540414547 -3.086798083245862 -3.013620695009403 -2.690365320873464
 -2.200730154791096 -2.904546320645783 -2.99833278781122 -3.000234762414768 -2.701667655986833 -2.598732551764979 -3.019507615625476 -2.457476148809492 -2.584890488442215 -2.600898885559588
 -2.783241916728899 -2.92115354908893 -2.876030688567524 -2.751081664992024 -2.960471668898248 -3.150230547026369 -3.391532792212904 -3.295766878561814 -2.410619163567976 -2.971766781493292
 -3.021161606147515 -2.974359238430147 -2.502281360011128 -3.295745229558785 -3.047999406069342 -2.234484994315968 -2.775918720943562 -2.915598451777155 -3.070047700986252 -3.102915381402002
 -2.458790054152915 -3.443529614197931 -2.571166157703928 -2.712467409205801 -2.602635129522842 -3.227940750629845 -2.880192060379779 -2.819030347971268 -2.870969177989689 -2.891396704746959
 -2.80255591442985 -2.814709036556994 -2.916049370377121 -3.15232395356952 -2.306696915978586 -2.920845734163019 -2.930033629520695 -2.750503361505911 -3.190802748859793 -2.811312488077174
 -2.703848459330503 -2.853667718900642 -2.553041632529298 -2.845990810973788 -2.864545028342287 -2.996259262695358 -3.384301814424284 -2.241196340152537 -2.238862613865632 -2.854164854197109
 -3.108473995611337 -3.095196673557331 -2.73621670721227 -2.649074241575502 -3.038459793463105 -2.488061654027028 -2.858378011344309 -3.244014245779574 -3.346669440256568 -2.972245346292127
 -3.217292834655508 -2.179250927918615 -2.610014376547551 -2.682782531884461 -3.362509149151174 -3.243520881221946 -2.952192842572056 -2.55210078692058 -2.536681400369683 -2.839376708029008
 -3.356362681897564 -2.399840287471887 -2.795274140221848 -2.922057521699768 -2.949282261042894 -3.201189560503708 -2.955299506171689 -2.71544620839992 -2.764532775712756 -2.919443905412041
 -2.895097905083204 -2.889399668558104 -2.690395993721689 -3.239858444989949 -2.851778808592148 -2.72821283443022 -2.554868419673257 -2.786860084218692 -2.832734997479367 -3.108415979057816
 -3.118283410504797 -2.917257227211065 -3.015958622678707 -2.360840893367719 -2.715370041934041 -2.561537200640898 -2.942224481015453 -3.057821587309138 -2.26255438951559 -2.452464377488158
 -2.944971567674547 -2.169513757579913 -3.13288568748578 -2.587380978893688 -2.720925807711908 -2.48517259938588 -3.224958533109347 -2.766862968785331 -3.342686434524241 -2.865930540768793
 -2.052662905506824 -2.830521800799401 -3.045718568399357 -3.039118906914949 -2.853838772459231 -3.086287554785713 -3.012882767900395 -2.652032720652147 -2.796488174779199 -2.548423738535409
 -3.243435696573313 -3.051992635786388 -2.949248165546955 -2.909855269773615 -3.483523025947823 -3.124804928884295 -2.873962567655791 -2.560047877784819 -3.056787800624856 -2.371058657894399
 -2.936377585141864 -3.065018357396075 -3.088594678253056 -2.988013913466915 -2.5540025353245 -2.866303317604952 -2.179053080880105 -2.349825253913512 -3.191139457286271 -2.691666021701907
 -2.511423788945768 -2.996527514069723 -2.893456466032756 -3.218294087783566 -3.026759366079836 -3.384059192451125 -3.058521115690372 -2.696675425601255 -2.855421802087042 -2.921214609502649


# name: DatT
# type: matrix
# rows: 1
# columns: 50
 16.37884616851807 16.28995299339294 16.27440309524536 16.26323199272156 16.25540494918823 16.24901485443115 16.28671097755432 16.29957389831543 16.25842380523682 16.29611802101135 16.29883980751038 16.26908493041992 16.74024200439453 16.75267887115479 16.71793508529663 16.74707293510437 16.70736694335938 16.71930694580078 16.69303679466248 16.73613595962524 16.70974707603455 16.7004919052124 16.73842811584473 16.72938108444214 16.76601099967957 16.70200705528259 16.73293399810791 16.7086718082428 16.72491312026978 16.73359513282776 16.73086905479431 16.73195910453796 16.73096299171448 16.7494900226593 16.69769310951233 16.66368293762207 16.70346403121948 16.7205970287323 16.78901410102844 16.73495602607727 16.78045296669006 16.76450204849243 16.71447086334229 16.71159696578979 16.68229293823242 16.73430895805359 16.73049807548523 16.75824689865112 16.70246505737305 16.95082592964172


