# Created by Octave 4.2.2, Tue Mar 19 12:51:47 2019 -05 <ubuntu@algoritmosb>
# name: DatK
# type: matrix
# rows: 1
# columns: 50
 2000 2000 2000 2000 2000 2000 2000 2000 2000 2000 2000 2000 2000 2000 2000 2000 2000 2000 2000 2000 2000 2000 2000 2000 2000 2000 2000 2000 2000 2000 2000 2000 2000 2000 2000 2000 2000 2000 2000 2000 2000 2000 2000 2000 2000 2000 2000 2000 2000 2000


# name: DatF
# type: matrix
# rows: 1
# columns: 50
 16.13087659344886 10.1200146970479 17.62014657154309 21.21794018331796 19.59431444050647 16.05746061122042 22.58469786706904 12.90725954816323 13.9188789742914 21.7422379694397 6.841224045760391 15.91224894027775 18.02805909132422 10.87431326621837 21.60790152039781 20.43936729209261 18.30578780709946 13.77962825053994 25.75047947223398 23.99225095741773 17.21226197885034 14.94902016435281 17.91710515284628 13.53905941043839 14.10689164795113 22.39795202247854 18.82889248746279 11.09586172313035 16.22155609964923 18.75385991551317 16.57273184941962 21.55940116586703 18.68439866893532 21.19112554092813 17.14233132703772 26.1610899400131 14.51066701905686 19.00092836363224 16.50996300999007 11.63930903874756 14.47234818981378 17.1309292127657 10.55094313396579 17.40890652303957 17.91488233836652 15.03714212664206 16.44354916228355 14.66183159152573 13.75316634198937 10.6906693701587


# name: DatP
# type: matrix
# rows: 50
# columns: 10
 -0.9281868862055722 -0.9461365963214927 0.1199524223440669 -0.9910592367944702 1.104240989804851 0.9414782634073449 -0.9314463301443281 0.04847335804289088 -0.05351062897631742 -0.9475683577055136
 0.008268458880544394 0.00451778810474579 1.058035082713017 -1.016881690218993 -1.056366624877092 0.04396112475576164 -0.9413832420551724 -0.9078746564379827 -0.02261638540791022 1.002530046745979
 -0.9594705427880363 2.011428650073441 0.01145206723370507 1.042346048474445 -1.06291544620721 0.03084392134122638 -0.932195031165409 -2.055579633615966 0.9715858915146356 1.012664737000979
 2.046601514048864 -0.992351864471801 -0.9777435798641658 -1.947690105564162 -1.063086372882412 0.9530536888236609 0.9460655449772171 0.02444521952438272 -1.953011434055174 -1.022958958268158
 0.02267853241430373 -1.055654450774423 -0.9584620634908676 1.950460388413852 0.8742111188609432 -0.03197737876349116 -1.943693163744346 -0.008580992184642255 0.9150076061926304 -0.9366644623571236
 1.028085106506974 -0.9504847451741112 -0.06266885284380042 1.030964977338961 -0.922576857253171 -0.08239609602898668 -1.055489059582582 -0.03131811242573423 -1.91229165529361 1.013821407377645
 0.9004655188015054 -0.02672181334366019 -2.082479942493392 0.02961785722545507 0.9485680076176397 1.899385345778278 1.975291059068806 0.9590076014841831 0.001313369907448347 1.054256620154005
 -0.003971650414198002 1.910735110542669 0.05436341207514062 -0.910082586004501 -0.004868655391073062 1.057190601796154 0.02509661253559958 0.05533931162248606 -0.992649154856573 -1.032580507814947
 -0.02931289691499384 1.940419583521001 -0.9294936155222935 0.02848719183376325 -0.9589279639418162 0.007521257214302857 -0.03107059959344838 -1.932691641128714 0.02096314478680839 -0.9673871746357134
 1.009503481954231 0.8666382514375917 -0.9811174351420862 -1.060065769821668 -2.048957055114217 0.9520599282974729 -0.9901231208143155 0.9568303782189966 -1.912724347687274 -0.04237146001339998
 0.04756851863150668 -0.0001431259140378671 1.033548243686626 -0.98033739332823 -0.01733699213726059 0.01707105886203575 0.0157830825821712 -0.9819574515965499 -0.08456558313282247 1.044932628169808
 -0.9188464271716574 -0.08618222225520178 -0.01370495114485504 0.09201696250654656 0.9740324171330865 -1.882461178949761 -0.02861734505763636 -0.08169978763967567 0.04618277046863017 -0.9403465972536678
 0.116541672238065 1.004617941275098 1.07962201443355 -1.002355828255258 -0.06223572362259588 -0.9029213010212906 0.9724580650474852 1.038552666723834 -1.017320103242945 -1.964821502766898
 -0.9882937659767652 1.000233270719474 -0.9077598866513856 -1.000698524609039 -0.003286918215477996 -0.9757124043699568 -0.02553498107958507 1.081853447005574 0.9825569152530989 0.06072008449628452
 -0.03318205501908356 1.984785038955049 -0.9244308483295347 -1.016017982780875 -1.03559400980183 1.000530778586693 -0.9964439293442151 -1.888588525405857 0.9759663312580669 1.96991019947025
 1.877371370992313 1.915165662444162 1.001028440788221 0.8808589687635022 0.9693055586959911 -0.07368211079442499 0.980807902186795 -0.03614816170212087 0.02388414625095781 -0.9949511519519358
 -0.9757494485821789 0.01214007835844022 -1.042638905167715 -2.00343059649286 1.941511026448727 -0.006212672777519579 -0.9752904598113332 -0.9878445131031031 1.995011552624019 -0.9595148190553262
 0.03373329076940479 0.9850578962710648 1.936219866923174 -0.01674840319913873 -0.03049560930602091 0.0004109672084480209 -2.020006825528835 0.05754784476053842 -1.045362074643529 0.9465799645030826
 1.911007925323145 0.001164826564499677 -1.997373563922574 2.020990345157486 -0.003285580985272318 -1.983905612952541 0.9324573587321536 -1.977038727752348 1.087389394239052 -0.003607267029609673
 -1.917045158497036 1.924842148399947 0.893759972347862 0.002350141145305962 2.028625075347581 -0.02856245454421558 0.03933727648137797 -0.06058457452847943 -1.915940643674665 -0.06174853716090567
 -1.00937636893977 0.11522202324206 2.04028486875439 1.033849267780853 1.015066265806491 -0.03156850021355506 -2.003042862914175 0.9438608582759036 -0.9773792277720164 -0.01235154796400728
 -0.004574194066259807 -2.050904798857889 0.01784151162965131 -1.02043871057031 1.048664781719626 1.051091637209255 0.04811458129470747 -0.9015449866345557 -1.054983309775817 -1.010029948472875
 -1.897187136909758 1.004041822522733 -0.009542436413536137 0.04134411934793292 -0.8832784673263321 -0.01449566226463173 -1.01498660255962 1.017807435587003 -1.005967638164628 -2.033250274933768
 0.9568518612975954 1.027013078749202 -0.9876540262696487 -0.9565022425795648 -0.9789262156632246 0.0647258300711453 -2.035131015904154 0.9304414059661976 -0.04432690169694453 -0.04059485826670883
 1.006367644563189 -0.1084792403512145 -1.031995169341623 0.9244071331314947 -0.01829662468297677 -0.04343568835439093 0.05415643159339467 0.9618465263093956 -0.003041177131257733 -1.904166203341332
 -1.915179507113027 0.02407331097888576 -2.015119594536483 -0.05419410694429949 -0.9891226896343079 1.9142169460421 0.9661309577967483 2.004193813331106 1.009548957988515 0.03524521980460271
 -0.04709525030140593 -1.075575627208131 -0.01216143932202396 2.035638561226338 -0.8761244295228687 -0.9165435842118788 1.069828244492745 -0.9902433875647709 -0.9685501277144688 0.9369744019651041
 0.05100075442381069 1.05966213350024 -0.01978946354254596 0.04870057482307821 -0.9680849774624809 0.95577935431848 0.9408535337144048 0.9426920350337076 1.014285342290926 -1.051333286434611
 -1.911593444249532 -0.01991260331138545 1.052282998904792 -0.9898721271452802 -1.010015504330295 1.109587831617024 -0.02994816835991454 0.00245011124761696 1.020629999831295 0.9067677998236237
 0.991064075350522 0.05389164496252441 -1.883953700340091 -1.012364650189792 1.012488720536148 0.00587664518509623 -0.05461859669576086 -0.9741079774942341 0.0553551561016894 -1.868691477379389
 -1.019023621350491 -1.013611487418338 0.9918117458072944 1.028917104497587 -0.008248134516239958 -0.08121431004315127 1.912071441537643 0.01462118182341943 -1.988410344399078 -1.055603629991642
 1.900735639086784 -0.03110720712714166 1.888902148059343 -0.02453000117111159 0.02539480503666969 -0.004681668467854116 -1.980918553970266 -0.02299017224477584 -1.924654271057841 0.06432142462628221
 -2.023950868524436 0.02866163868477933 -1.018099959388333 0.01029745567597473 -0.942278501062991 -2.005764628477087 -1.0234476262778 -2.010283612213755 1.040201667964577 -1.002092192441066
 -1.035800444528546 -0.9111732790312903 0.8813645593513604 2.042480408452411 -2.003348921440217 0.01572060707967982 -0.002079829238370579 -0.9198562462322286 0.9336900818043334 -0.9355522440814497
 1.051013826847273 -0.9834812467989362 -1.026629027470966 -1.010252749442954 1.922020264766194 -0.0221504718439407 0.9544245926732726 0.03091663528256294 -0.008684202395443208 1.892354942760229
 -1.884405653602185 1.030956316486051 -1.898484179577634 -0.9636014683987275 -0.9996779936997315 1.945529973632842 0.958082025393364 -0.9574854754353694 -0.03052259895972753 -1.998004325456554
 -0.9660400896217185 0.9784293704178593 -1.979407311729588 0.03396784868116054 2.023246250130056 0.01493692141037162 -0.9289143303476806 -0.931882978051231 -0.02846511226168147 0.01636915091437086
 -0.9181845496289185 0.9816148323264615 1.106386969060305 -0.972632464661821 -0.9865819181946174 0.08067064788251166 1.049127920091335 -1.910820726430908 1.017431415885639 -1.030424178436445
 0.9120735058627325 0.9372654189610135 -0.9525377108598514 0.03509582657392496 -2.000708416379644 0.9559315401757775 0.933643448992906 -0.995493981733711 -1.063391033530522 -1.005852020799981
 0.08537113394650309 1.025396747484813 -1.921598488888715 -1.031086560979537 0.02094495501384497 0.04211039964140273 0.05539590459357235 -0.9953915424344846 0.06700487058658489 -0.003295240141475198
 0.06036354530646637 0.9525235017085834 -0.9387593691491842 0.9426502483779231 1.031251409322076 -1.917066803700269 0.0485997403044065 1.06511534307927 -0.05201588656791145 0.01603744383913064
 -1.902975319675046 1.022962594300501 1.009794493287698 0.9958568279145101 -1.061612956494367 0.0451471216607402 2.002284204862679 -0.07942846704332229 -0.9927446286079995 0.01084682952620497
 1.064589276582298 0.01364279907206711 -0.04454774346235002 0.05413151171097841 1.007273239537952 -0.9200144959680623 -0.04759236495976538 1.042200119391216 -1.051144940450985 0.9943011843112934
 -0.007168713100306867 -0.06335098203317724 -1.051800722822749 0.9517298157209861 -0.9580974529380768 1.894808231941241 -1.978645820594819 0.9480006850952343 -0.03203299280279381 1.007309827402112
 -0.9565080590988257 -0.9450451250815606 -0.9512286537582346 -0.9082439452103301 1.067914996564708 -0.9523018723423036 -1.917412239289824 0.9941513153610444 -0.01673350092035797 0.9267144258760291
 0.9386434323036417 -0.8992721988698706 -0.02736097443868779 0.9994315903334021 -0.9642067348654688 1.043420146078013 0.08210188236147253 -0.01241067331293344 -1.935520564965085 -0.9958852675257068
 0.99110674199438 0.9267837959967933 -0.9549450841243008 0.002638457305748965 0.01941734332605449 -1.02968006257717 -1.904162614992705 -0.106846844219449 1.06487277549535 -0.08525386933299384
 0.9671430935408507 0.9531727478350014 -0.9896242327687625 1.068236862615072 0.02424165207910267 -0.9476152173126149 -1.041019073099021 -1.077427773073705 0.9051099924436503 0.0817865489056695
 -0.02292826894687394 0.9048225265434651 -0.04411760341408133 -0.006353283710824442 0.9524017699504652 0.995589212000163 -1.962565729818617 0.02201230723426839 0.01518199291091271 -2.013326297007249
 -1.036557389021011 -0.9451138250226006 -0.9805307797786416 -0.9729248977895839 0.02290260855125137 -1.975525847352514 0.996248289912737 -0.05552347179542672 -0.003796044327346593 0.009052574373847655


# name: DatT
# type: matrix
# rows: 1
# columns: 50
 20.95161700248718 20.89563512802124 20.89153981208801 20.92627096176147 20.89424395561218 20.9223940372467 20.96758604049683 20.89488506317139 20.87938499450684 20.9338550567627 20.94030404090881 20.93535399436951 20.96486210823059 20.22434401512146 20.18172717094421 20.28912997245789 20.26530003547668 20.28170394897461 20.22467994689941 20.23886299133301 20.20622897148132 20.23085308074951 20.24526906013489 20.2763819694519 20.25679707527161 20.22957897186279 20.27865290641785 20.23336887359619 20.27544403076172 20.2684600353241 20.28276085853577 20.20296001434326 20.20948004722595 20.2738208770752 20.23716282844543 20.2445330619812 20.29071187973022 20.21459197998047 20.26010203361511 20.27783489227295 20.2444429397583 20.22736287117004 20.29419803619385 20.23424077033997 20.25483012199402 20.24343514442444 20.2693920135498 20.1944751739502 20.2475061416626 20.26965117454529


