# Created by Octave 4.2.2, Tue Mar 19 12:34:46 2019 -05 <ubuntu@algoritmosb>
# name: DatK
# type: matrix
# rows: 1
# columns: 50
 2000 2000 2000 2000 2000 2000 2000 2000 2000 2000 2000 2000 2000 2000 2000 2000 2000 2000 2000 2000 2000 2000 2000 2000 2000 2000 2000 2000 2000 2000 2000 2000 2000 2000 2000 2000 2000 2000 2000 2000 2000 2000 2000 2000 2000 2000 2000 2000 2000 2000


# name: DatF
# type: matrix
# rows: 1
# columns: 50
 0.5892225399371972 0.6851983256389524 0.6372884435688929 0.7347851384336084 0.8225207633530224 0.7873911603764323 0.4225983178846716 0.9521784932742187 0.5560026811221443 0.6847147416457705 0.6516685086432972 0.5460472938844914 0.7575237582012408 0.7458498121986574 0.8584171333911437 0.6575673436819838 0.6187353771311984 0.683460491129622 0.9359425865162446 0.7130362137013633 0.7626737588636874 0.590580692649354 0.7639439900264915 0.8673672470002473 0.8150729388581321 0.7219654878050852 0.56657543752424 0.8227170537519721 0.7307399756845645 0.7185069996313437 0.8777251422611962 0.7681886800542177 0.8383010921633265 0.74149629686208 0.8725770997106668 0.6080043562314583 0.6060081628176766 0.7255909854260862 0.8998184221031282 0.6893892956331542 0.6535172138059969 0.7059951737781731 0.7881955128662238 0.8169942074600669 0.7157336585463104 0.6282067648978233 0.8095722126042019 0.5208946482727093 0.8746294037014072 0.6971597677848561


# name: DatP
# type: matrix
# rows: 50
# columns: 10
 5.850907156269251 0.1384094145124806 -0.7004724528548678 5.526740071086827 -15.55441708011636 7.733583932493033 8.768444125288411 -8.091890911016975 0.4608997669951904 -0.9684297541307103
 -6.907991560871693 -3.558379142626613 -5.457695675209344 -5.707222742926852 0.1331520292752728 17.26804504020699 0.02684725272958843 -8.554983732445685 0.1606642828393561 0.7045352033407681
 12.44015450853334 -0.5244148613660613 -10.37005352478479 -7.153916749354863 1.256522171253216 -0.5994100482445006 -8.649517907777998 9.53962913768877 8.692883945840272 -18.96758775253053
 -0.3657271308387564 -13.4182655352228 -6.652847655692909 -7.234890269189449 -6.031945578030019 6.666134071707951 -0.1391137875999817 -0.8183539307090726 -9.236055854998298 -20.67827708967405
 -3.175308524944896 22.48389282865217 16.80051396776143 -1.401809262325877 -6.449554047191171 -15.42183376856467 -1.035947982701181 -7.466630679716644 -0.7648516406795949 8.337351066400821
 -0.8779680833421253 -8.273673684614799 15.28055356808662 -6.107880232917623 -0.004758618842977569 -15.47410692470792 -1.26206195541387 9.063664707863666 -8.793036836649478 0.8392983655092721
 9.106276358360546 -0.3414264321239386 0.5950541169573569 13.52163653842901 -0.5491038873974929 7.392284498980544 0.5339607885166799 8.354981756618464 0.3709697172329172 -10.37329208717017
 -2.573565668037709 7.406845985458318 4.90376849316354 0.4160955255887657 7.41990759821185 13.37032164834761 1.137833431540585 -10.57269494418558 0.7139006741005787 -1.94374900998077
 -9.855341363581694 -8.500273371699677 5.203647732883113 -0.06376308624572857 -0.01906909951686941 7.962370944785981 -8.369829086458019 0.4302793825904061 2.399508079044971 1.489691962480258
 -5.774058138063786 -0.596086489941257 -0.6904806042718405 -12.55914634244851 7.23404124979173 -5.445772778562464 -7.929663073589772 -0.2129271381365569 -8.513452894347679 0.1209136440139602
 -2.971206595205302 -9.097122627971743 10.13867451925775 -4.847810303503913 8.002538909438954 0.4749667069977264 1.400326202066388 -8.069244706219315 -1.430789797133393 -0.0068960388944177
 2.973639779204838 3.867922891235018 -5.798131230818214 -0.1661078601047521 -7.349673287223915 -0.1322255438482287 7.377891481025813 1.191533773772967 10.60254981926901 -2.234770677525589
 -5.615968997749967 -4.54387972745694 5.142576443408998 0.4233735971414916 0.7229365749032937 24.83946150221058 8.192564538383699 7.699846342036565 0.8294238830338401 10.05348537597461
 12.66293538443521 0.168324443029789 10.05635956067641 6.305365542317581 -5.494968954240441 6.896463792288067 8.024161924602616 6.938651743855132 -0.5967755435000015 -7.954237558131311
 6.094536220603999 0.677231138570896 -4.171723746962172 5.074319859936693 -7.412613594676635 -15.19020978309089 -7.311269438339252 1.301835016921636 18.72958519604138 19.26601697811681
 0.4538911545300408 4.912571642812431 16.42773334785163 5.628581257092833 -0.2340200607707033 7.588985794116148 -7.902910770060686 -7.190929680525358 7.400465193729723 -10.20208448595459
 5.996708627077169 -4.062038339865524 -1.235740761923111 6.969691005776411 12.83950064085987 -1.06989089913538 -1.067744701368674 0.6170467715952483 0.5213529996131214 -0.3811831713850395
 5.73209400750396 4.196848780024261 10.93695312789436 5.960424271011981 8.341200065168181 0.8842717530122925 -6.843395192442443 -8.803887521988877 -1.469881250115094 -11.13908541370724
 2.919563729258627 4.47445393170208 -6.842555487543763 -6.835548120267809 2.482063255367834 -1.456305004968684 2.378040538362598 -7.82953471758249 -0.2005601282236995 -9.259430380060856
 -9.137197863364364 4.321489290718382 10.16450036546318 -6.184334828554881 -20.46654980110403 7.543432565541977 0.2426951865802423 7.694667257199121 8.621985576936481 30.24149132423211
 3.133194708564709 -21.63118661844386 5.728677936581995 -0.4955685520603694 -12.81499336570306 -1.341419743904538 6.802173249940829 0.7329495635083134 -0.2052088657821542 1.974824762830373
 -2.59452101286351 0.192939729777386 6.18480895259944 -7.0568125879227 0.9765744941896415 1.174879050496358 -8.502503596408587 -8.048323009696148 9.092289307099321 1.421403122777903
 -9.451365164986285 -0.3229322615428103 20.43575987761 6.106982413217438 6.208440755887032 -15.11956101409407 16.95892050471862 8.916629702215609 -10.51844185391066 -9.088566254521616
 9.168553611888612 -8.132470089329338 6.127284140580855 13.12358818300993 -13.60099659829175 15.55399972372975 8.339893951741345 -2.632454194329178 -10.53722790626174 -1.137690545739261
 19.09864813412159 -12.67918725230873 17.16364335740505 0.1268837506814862 -1.226198269752082 16.18832538276018 0.8896279663994306 8.569397964091486 -1.245063738725769 8.722474594977683
 -9.844488398593825 4.173889169536935 -5.260890452114161 5.954782177792325 -6.295371363791034 -7.57176803841282 -0.5878354710608491 -26.43788957027613 -8.397919487796024 2.475254497905986
 -2.86483588311318 -4.81379070920849 11.55039960318531 -0.9775147245372651 0.7061780353530622 -0.9909302602418322 1.033703674284908 9.023258721171281 18.41692683353214 10.10374468247401
 12.82397804458271 -7.927878248172355 14.97217777720377 -0.1014700786528024 7.419036921926292 -8.411847968780798 0.2482135390439453 9.172150823596141 11.23130585670991 10.60279862373191
 2.154357260544344 4.607702652314956 -5.439552666717134 -13.19963429338095 -6.007051512511687 7.457120142732911 -16.22191875054907 -8.532927392624089 0.4500809051482548 -0.8717177754541581
 9.117576656043745 4.033646993097165 -11.48471271632069 5.908095126738687 -1.088775435028843 -8.730140382029937 0.3914533116134322 -2.359413482783893 10.50408155348169 -10.14264172114066
 6.7969284252802 -4.804349988221297 -6.369293367748803 5.844835967451075 6.173476239069871 8.481628459647695 -0.1383642595557291 5.681989458713069 8.007108920317485 -9.443583751507909
 18.73721976086811 -9.335388696271671 -1.327523424653307 6.566312756382615 14.32768664950738 -17.04019984687606 0.6746905560709564 0.1270398403449917 -9.419160623528498 -0.4830928574397007
 5.716332954539865 -0.1132784591846843 -4.309976059679968 -0.6882301749562316 21.45197382021384 -7.586031581702251 -16.80796487996013 -6.822872482695693 -10.3505610924552 10.05564113807855
 -12.95923141420914 18.24528939347897 0.7341929810088317 5.48901851175787 -6.990929999717075 8.499108153099314 -7.930468295360633 -1.488125267907421 -1.687957467812964 1.602998791669599
 0.4463841650708176 -0.7677119009265567 -6.8776123863762 -0.5516994120176193 -7.102671698755422 24.12035787190155 1.787490931521269 -0.6996181890378494 0.9418754891621077 -9.172350784464626
 -9.396850290121982 0.1877657455681288 11.04609727150186 12.63654967020796 -20.81922037766237 0.3716101695775933 -0.8366517244674796 -0.9974730261556033 10.31595583550398 -7.741207346823778
 -9.229731410923002 9.722527875473787 0.5161438224154296 -0.3424264199114475 -6.069887018344225 7.584637909310537 9.582311191988616 0.3315387536079726 -0.9219673641845674 19.95076995160157
 0.5619546473558898 21.99607715608363 11.18113181824918 0.3444697912076151 -0.2489178792986877 8.793263362312061 -8.555316411328526 -8.567927304337509 7.136353183484182 -9.88128647410111
 2.724901533613526 -4.825635629053821 3.701510604472517 -6.342995088522315 4.851483206998502 7.608563015999252 -0.4206269237787836 7.295267027127281 11.05016447560142 0.7121610241035441
 -3.40303283888116 7.85801199213698 0.08467478824066887 24.77684095190378 -0.9814858715353552 6.886100261323811 0.4092192253214364 0.3669657205594987 9.30692082716569 8.49428766310529
 -2.974656496874537 13.77543652557849 4.733327219632642 -0.8051803638871249 -7.062963045934396 -7.268809670274337 0.2579937382963706 -9.912779477381186 -17.70441062514483 -18.56923153424629
 -9.548476847848676 -9.689749787193875 -4.156336420013901 -12.03887479811059 -7.193875719765124 -0.4238010828434398 7.557404078813811 -1.642750602287961 10.02863836016334 9.598769098974664
 -9.232206942814841 -4.2404916690923 -3.788394875713301 0.5965741719142841 -0.09283198173770302 -14.99572640920177 16.38302642537964 -7.516012822504777 -10.26231398696861 8.902700021789229
 6.392408453445015 -4.821975608642624 -11.49883442254713 1.181603460328169 -13.7206707766961 -0.95219853169597 1.474471791745124 -18.08807488529791 -2.212163371088728 -8.4646050936121
 6.469334908303125 13.60588373487518 -0.380335713407824 7.296761096001589 6.090521616221025 -8.174248765279273 -8.945885966167175 -7.069359661142762 -7.60081291078459 -10.72924594460412
 6.115913063018631 -4.759802012772305 5.992197585834212 7.071327722093947 7.983155810195953 -8.149691860815572 16.64022052188251 -10.16822001352936 18.13441717237596 1.108168479141668
 -3.595291135346628 8.663413383654792 1.663327092093517 -1.06627686896087 7.191617907262476 -6.473246911315506 -0.256683409088744 -0.3796639323358093 -9.996561941770779 2.477028200930796
 -21.9773644964989 3.839994373041776 5.286987700269755 12.99244387324779 14.04426023624551 0.2027093688868291 8.248445424267857 -7.490358179218212 0.6519500145720016 -10.08120673128367
 -2.949515185585327 -3.793342768088948 0.4684912668840013 -12.47238875563423 -6.096178017338474 -15.76800090448684 0.5429161467423356 16.1487214200553 11.6679519259939 18.64985521930853
 -6.545253839482527 -4.423132768856178 20.99006966816067 12.20035385091451 -0.7034494319220386 -1.017922016718344 17.17349704792211 8.924374215038299 9.737068708236379 11.67563849672813


# name: DatT
# type: matrix
# rows: 1
# columns: 50
 15.42778301239014 15.48562502861023 15.45872712135315 15.47946810722351 15.47290587425232 15.45721507072449 15.40335702896118 15.46073889732361 15.4533531665802 15.46940112113953 15.47529411315918 15.41958689689636 15.42719697952271 15.46619415283203 15.43848395347595 15.43700909614563 15.62887096405029 15.92690587043762 15.89290904998779 15.97225403785706 15.95722603797913 15.93352603912354 15.96682906150818 15.91477394104004 15.91849493980408 15.95521903038025 15.92486095428467 15.91371297836304 15.96542310714722 15.94290494918823 15.92512202262878 15.96646189689636 15.96150398254395 15.98057103157043 15.93254590034485 15.96134281158447 15.90654397010803 15.96013498306274 15.91902923583984 15.92959213256836 15.96642112731934 15.93605804443359 15.93835282325745 15.97436785697937 15.92131805419922 15.90852403640747 15.90509009361267 15.9509859085083 15.92151689529419 15.9538881778717


