# Created by Octave 4.2.2, Tue Mar 19 09:42:23 2019 -05 <ubuntu@algoritmosb>
# name: DatK
# type: matrix
# rows: 1
# columns: 50
 2000 2000 2000 2000 2000 2000 2000 2000 2000 2000 2000 2000 2000 2000 2000 2000 2000 2000 2000 2000 2000 2000 2000 2000 2000 2000 2000 2000 2000 2000 2000 2000 2000 2000 2000 2000 2000 2000 2000 2000 2000 2000 2000 2000 2000 2000 2000 2000 2000 2000


# name: DatF
# type: matrix
# rows: 1
# columns: 50
 407.8078268490499 506.801759100035 663.8522466986025 410.1574279210936 292.0016277007044 498.5117547585338 118.6635458978254 479.2788738609503 322.7847260208601 465.4878210749624 545.2044436406461 594.4926177320615 684.7605668562348 498.0000521779165 406.2573251755969 242.3841583169002 339.3992595883477 150.5932256846654 96.881435215539 229.5017454649776 262.0979960881636 266.1414301997454 321.6968776351365 176.5240613065918 461.3809749899202 214.4931561353162 380.0818083583785 327.3838080798095 517.9399971789636 646.8269214861111 227.9287591222069 140.8723647670368 330.2713606449978 674.5233581303686 693.4835599944911 104.5975168147964 187.6699043980512 390.2937287223307 571.4621573044074 262.8370204799883 238.8278548095298 254.6772123235064 280.0481131040895 479.2093560496004 420.834642959948 182.3422707990796 272.7407672193306 402.5434178303251 398.2268561060377 140.477917320913


# name: DatP
# type: matrix
# rows: 50
# columns: 10
 11.7485829654978 -0.9030510700999486 2.71808341081065 -0.8790325408430704 -2.768034479278313 12.47272939386333 0.4300049283758369 -5.261391370234037 6.351225774736278 5.41906289304525
 2.528601459699772 7.451388417260858 5.759654571423084 -6.023599617813503 -8.39400494501588 4.317986492289634 13.68579996938647 -0.03039184989576427 9.944336854509828 0.362167044613841
 9.82234136886737 3.142170046568552 4.336058586024748 -4.090938252058592 17.2823365825558 10.62541437100236 -2.578239277273767 6.460948395991394 2.038647772725213 7.605103502968447
 -2.136363574437439 6.590573252972987 -2.350122388044085 8.918019773640893 -5.953339809687336 10.99971331610095 -6.253062090266326 -2.478943116558398 5.850960945784138 -6.417782676229038
 -1.655757332401507 3.701382622741079 5.860374350552718 3.649043396719051 8.842071479425087 -5.941876572663176 -2.160881751798186 4.568457035795547 0.3867058778725436 -9.419261142788585
 -1.020891752114508 -13.77010840875018 -5.887438642869654 -7.543882290113984 3.54308487590221 -6.172573723190993 5.328905091075896 3.941778599666549 9.758901437503368 -5.143581762561169
 -0.5356091901833366 -5.478853370325609 -0.09964449741350734 -2.837741570921409 -4.997856441470958 3.743749093929978 1.821143867847155 1.417085252297241 -5.185548001693491 -3.014514591951865
 -2.406088102680954 1.990155382601188 -6.87610508344136 1.225718791511653 -15.59063063401281 -11.56337470015913 1.568057984832905 3.043630874664373 5.514897817695555 -1.352662956788365
 2.909459368903711 -2.778173097750724 5.079817453545317 -0.5133377583208585 3.134527932299136 -10.05124176813754 -3.986510870301572 1.664361080884944 1.92219099412884 -12.1376914625726
 0.5515638118143045 -2.022437707956684 5.414970956510572 9.028423444446631 -11.05046654370702 -7.89037269483191 2.722736558327014 5.855336386278324 9.537869911268686 -5.763591822645026
 5.713395703744808 -5.07930663693746 9.173417260949094 7.751017082549765 2.349404474854211 5.069463349675544 -14.3017926211152 7.172769965248875 -4.042183197863793 6.243720125578989
 -11.60096934132143 3.765743254691088 8.154234381576387 -2.366984918127116 4.567347510830842 7.874528908045193 9.764472850069865 1.770675394119181 -9.446720799000758 -10.15113421286067
 12.29218870690251 17.72905575049559 -1.871731334223057 9.320601023732394 -5.512629060333666 -8.355720630383232 -1.835573089147985 1.159040680477645 0.4023593187868784 4.887179239497016
 4.909198998259356 11.92599641186095 2.286957652769289 9.041059696805419 -5.508755034182059 -11.90191011579005 1.253883813706693 4.024002544658302 -4.832660905915347 5.619449461530905
 -3.26649517051159 -7.955227684900805 11.56606114123477 1.938559901237539 -4.26823361317669 3.947711305183446 -4.604014712415207 -1.605070347660146 -2.748370624750692 -11.38599648843928
 -2.026275960862236 -8.428819369286629 -3.922185784133006 1.533162600527035 3.698059072987093 9.023958768606931 -3.063564141986291 1.940084823537262 5.76117387986676 -2.837479090477629
 4.231157327514765 -0.867069983133149 5.679111503971257 -6.679596368624829 -1.581648303318431 -4.356244080692861 -0.6119133370251006 10.02279978416028 10.96999697525051 1.106878878591075
 -1.640829728922498 4.122554246580023 -4.96594053716079 -4.710518206277229 3.914991195826545 1.891912743077185 -1.512654839780907 -2.709183695198007 7.286068139959426 1.560391934572891
 -2.959504486763294 -3.137479703902102 1.007550412896762 4.440945095895785 -3.127454072593139 1.924337929859547 3.954527558427785 1.556190308247807 -1.876472239519842 -4.740952260956306
 0.9015492780694814 -8.366968439490108 2.905548258651336 6.739359003998629 -5.735995513580633 7.055002768132482 -0.8661025634414159 0.7830827028104892 -3.545484302732589 -2.865851239631809
 4.49163813605287 -11.17830662865853 -0.1402026795859115 -3.414943919826058 3.454932311116622 7.985207550385894 3.619083550212792 3.524474889174385 1.683708355677339 1.110173580901176
 -8.305328423788666 4.200928195634418 -0.6950604430588498 -3.248251274864401 -3.777393773045233 3.205593582107767 -8.826163249754615 2.255155135163591 -7.659295648367177 -1.511516043365873
 3.062234346045017 -6.677388225628732 3.826002077905201 10.07758860646848 -1.082047482805635 -3.815659980820698 0.737760521542782 -3.179688109004559 8.288203744136027 7.513779654849486
 2.442749743341864 -2.275956630684178 6.093849876609099 0.920194742457582 4.756225765370232 -3.748868111735533 2.794414565461366 6.669400844160307 -6.058992629598862 -1.310932496699621
 -5.317430226343873 9.046310946682311 8.643860696023992 1.092183527953736 1.756267211795489 14.32144176793113 -5.909036995174532 -3.46919669705288 4.141903862775578 -1.750827252954764
 5.184633049932557 -1.616608655195535 -4.796799624775659 6.243047793262235 -3.174675874335293 0.5149104146314585 2.479182059370245 -3.522391125581422 -3.602683995042568 9.007650404195829
 2.796001592697749 -3.724338959684118 6.33241546970855 1.369546796787006 -3.649653346976109 -13.16603927230661 3.7124283200245 -2.114533126997287 -7.712270642290477 -7.212578328611571
 -14.38712142567709 3.27469000162786 4.006715251900459 1.804847651920596 -7.974230640824302 -0.269783198064161 1.834134769934209 -2.081931189742178 3.647892865275779 2.385992649352545
 -14.7145039334258 -3.818901857222869 8.466667821043515 2.027827621578595 -6.73196711073011 7.941721775163359 -3.28798686737322 8.069673301864924 -2.405542727366267 4.575517930927418
 -4.497511745878228 16.04358111122384 -7.539001527633232 -3.674679614825294 14.14417831879935 4.711507285494335 7.480838638233521 -2.847147444528147 -3.034413780416358 -1.824844348403445
 -1.241695138060663 5.710774171487046 -2.68380060629292 -2.740811597187871 -10.14694867267742 0.8088182210034631 -2.788969755466852 4.406507809428334 5.539185315549517 -4.191203305847097
 -1.482226838880464 -1.636402719078262 2.058217380136767 -3.636691392195473 -7.274766593721907 -2.007654734780772 0.4767997796536605 -0.7203615147321756 1.992333509543641 -7.541035297484783
 -4.610164222642481 -5.934416148514146 11.07740682914985 1.270366990457333 0.2360029989632721 5.781986752620369 -4.375872502489244 -8.254105927566457 -0.7613220720944582 -5.304005351674874
 3.044168327188814 -12.76748825308131 1.279993633261839 15.40900535142801 10.67864984930142 -5.149032000147216 2.375807545332634 2.978647200099189 -0.3884690445831325 -10.39028437704036
 -10.79316628670803 -8.737351480753546 -7.397917946358305 -5.685794419653433 8.701575322406228 7.3631853363201 -1.490009483541826 -10.23514997073573 -2.079723464476999 -13.12839587376999
 -1.601847094435286 -4.341264558345003 1.11409933038027 2.607636843323505 -6.998396419433902 2.135667101675665 3.116056958926094 1.541558443160071 -3.085075087393804 0.0388509737149576
 2.92648184036031 -2.39147796833204 -2.416933725954735 8.262282016634458 6.028572109928987 0.4517581367055925 -0.7060581106546664 6.565444722812828 -3.300614166757128 -2.869523543132743
 -2.097603235734866 1.101103532756085 1.952098425818775 1.601797906324279 -10.11491563445367 4.440468334134692 -10.28900889264618 -7.797605997397028 -8.125928909206834 4.855775361513608
 6.877549443246096 1.512288661934463 -7.882154009670501 -1.472729312946043 11.7058264263104 -12.9764536267944 -6.787770176973382 5.454801851331226 6.475556724629527 -5.865230374322834
 1.263628446532152 -7.637531399408374 -0.9541296178672241 2.812808033696825 1.959176361970989 7.583635263976063 5.499297148938012 -7.247050435720325 7.049401518682799 0.5293001359407441
 1.485569718580109 -2.701780644885133 6.301431917793849 0.15989904363785 7.79800107816655 -7.127103286032764 -1.923928719726035 -4.676959333439612 3.665660183061689 6.242657277246622
 -1.479309604429304 -6.327155410647862 5.09081889581698 -10.22647151417469 -6.823577870776177 -4.809649065148193 1.165368160628148 2.142368610430893 -2.453731836568508 0.5442774476707797
 5.703440772097437 -8.151525523639137 -1.68050897177713 -1.085016597563069 1.270204551247517 10.49499680289523 4.12199209427132 1.963925511291549 6.331199228728266 -2.09280989861422
 5.876092212977653 10.41611177884552 -3.306586122063578 -7.541103747511229 10.72497440005041 -9.298775136862474 1.693468304029778 1.687262042879269 6.403176273809734 -4.491781921708252
 2.17806326722993 9.990775553847016 4.023675879354428 1.853244678614757 -2.05149515609358 -1.603410447342682 2.565980842565551 -16.73071360770187 -1.293416977524103 1.30272151759587
 4.705848588903208 -1.062583373050558 4.496931624500803 -2.27386349165603 -3.128947463166298 -6.720453870960554 0.3179054575868179 -7.496543801202051 -2.952959623372834 3.701528249122788
 -0.5934215361324249 -11.01571026825287 0.5526202028252385 7.331450743780508 1.438952224680833 -0.3724544742455578 -7.011657247179301 0.4003856505280083 4.774796280391811 -4.759785174567128
 -7.293708202317831 4.97372211025548 -4.415487995586048 -1.24038182998504 -2.456453783862557 3.423377703849582 -9.683144382829454 10.14820088080803 9.097579964922758 -2.510644930454191
 0.1593847470304155 -5.373528988959777 -8.762426412753825 -0.4477019171192467 -1.598599893396383 4.910773884469066 11.29070417232982 -4.821611020863571 -9.400035606044824 -5.156186620527095
 2.901846204851111 -2.09706677292256 -4.315220019227269 1.80877464267806 0.01929738859872998 6.445757437225637 7.06523313424762 2.867502642995021 -0.5945358795091096 2.392697737333222


# name: DatT
# type: matrix
# rows: 1
# columns: 50
 20.70927000045776 23.04527616500854 21.44907999038696 21.46750617027283 21.54732990264893 21.55057811737061 21.42767810821533 21.44953799247742 21.45951890945435 21.40631580352783 21.4459080696106 21.38616609573364 21.41194701194763 21.43529605865479 21.33214497566223 21.41605496406555 21.35605001449585 20.97012996673584 19.92228198051453 19.70279407501221 19.60761404037476 19.68941497802734 19.58461809158325 19.62834787368774 19.6272280216217 19.63490200042725 19.67367100715637 19.64080500602722 19.6690149307251 19.64911699295044 19.60301208496094 19.81107497215271 20.34877896308899 20.26244401931763 20.29429197311401 20.34341788291931 20.33713889122009 20.38039803504944 20.25321507453918 20.36042904853821 20.26058602333069 20.12284302711487 20.27931499481201 20.26372718811035 20.31236696243286 20.2960729598999 20.36360287666321 20.36994004249573 20.39277791976929 20.42896008491516


