# Created by Octave 4.0.0, Sat Nov 19 22:16:18 2016 Hora est. Pacífico, Sudamérica <unknown@HEEC>
# name: DatK
# type: matrix
# rows: 1
# columns: 50
 2000 2000 2000 2000 2000 2000 2000 2000 2000 2000 2000 2000 2000 2000 2000 2000 2000 2000 2000 2000 2000 2000 2000 2000 2000 2000 2000 2000 2000 2000 2000 2000 2000 2000 2000 2000 2000 2000 2000 2000 2000 2000 2000 2000 2000 2000 2000 2000 2000 2000


# name: DatF
# type: matrix
# rows: 1
# columns: 50
 1.155148502709824 3.108624468950438e-015 3.108624468950438e-015 3.108624468950438e-015 3.108624468950438e-015 3.108624468950438e-015 3.108624468950438e-015 3.108624468950438e-015 3.108624468950438e-015 3.108624468950438e-015 3.108624468950438e-015 3.108624468950438e-015 3.108624468950438e-015 3.108624468950438e-015 1.155148502709824 1.155148502709824 3.108624468950438e-015 3.108624468950438e-015 3.108624468950438e-015 3.108624468950438e-015 3.108624468950438e-015 3.108624468950438e-015 3.108624468950438e-015 3.108624468950438e-015 3.108624468950438e-015 3.108624468950438e-015 3.108624468950438e-015 3.108624468950438e-015 3.108624468950438e-015 1.155148502709824 3.108624468950438e-015 3.108624468950438e-015 3.108624468950438e-015 3.108624468950438e-015 6.661338147750939e-015 3.108624468950438e-015 3.108624468950438e-015 3.108624468950438e-015 3.108624468950438e-015 3.108624468950438e-015 3.108624468950438e-015 3.108624468950438e-015 3.108624468950438e-015 3.108624468950438e-015 3.108624468950438e-015 3.108624468950438e-015 3.108624468950438e-015 3.108624468950438e-015 1.155148502709823 3.108624468950438e-015


# name: DatP
# type: matrix
# rows: 50
# columns: 10
 2.248742367504688e-009 -5.7541081303224e-009 1.149999946738385e-009 -8.316569936142675e-009 -1.224350671681861e-010 1.041334789512724e-008 -7.076497219493763e-009 -2.034817590037156e-009 -1.364282232525839e-009 0.8714068162871181
 1.859534627929312e-016 -5.786346497070623e-016 1.746939497942521e-015 -1.418244986134329e-015 2.875795388259862e-016 1.388161402455094e-015 3.266633293140723e-016 -3.555668519632391e-016 7.792402067732009e-016 2.910799381855126e-015
 1.362179671992127e-015 -1.470597649972688e-015 -3.240087175054567e-016 1.529151879726744e-016 1.235319787448335e-015 -1.653622566964036e-015 -1.362904912520651e-015 -1.296338692098038e-015 -2.435245736537198e-015 1.095395674971362e-015
 6.653410067947963e-016 5.70002960901175e-017 1.801771559852624e-015 -2.675403072110126e-016 7.682297226887238e-016 2.763627738112473e-016 -1.003970370867136e-015 -3.15469702841019e-016 1.519265037303982e-015 -2.737653922911952e-015
 -1.601564872125806e-015 -3.213707941830801e-015 -2.928641480877214e-016 -5.525561744196062e-016 3.955299673255381e-016 -6.812534201281867e-017 1.197862559225733e-015 -1.256143857491517e-017 1.461715842127915e-015 1.487694579026546e-015
 -2.8171144459531e-016 1.428137952969995e-016 -6.693853637849819e-016 1.084214772637184e-015 1.121535104948802e-015 1.108071423297919e-016 1.894016173031949e-015 -8.783347945203609e-016 2.180173530297509e-015 4.393096205690991e-016
 1.779469614673499e-015 -2.316615738236345e-016 2.251372460509906e-015 -7.256678326097004e-016 1.079073388837111e-015 -1.353283437755563e-015 1.279824466397872e-015 -1.034460743908673e-015 5.284088606104764e-016 1.647087914450878e-015
 -1.280924325148861e-015 -9.874238030236185e-016 3.859944510491055e-016 2.587694410928416e-016 1.789393072216104e-015 -1.449634003224481e-015 -1.358176224140296e-015 -2.089305447055925e-016 9.290355478308011e-016 -2.372547045559942e-015
 7.38188888873399e-016 3.854439699920095e-017 8.273818825841408e-016 1.983547213791352e-015 8.77211054142686e-016 2.800656055854463e-015 -1.2948155405154e-015 1.286818923501447e-015 -1.175132931592353e-015 8.744379957626585e-016
 1.570586401591839e-015 -2.163340039501651e-016 -1.292369343397531e-015 1.494775535803293e-015 4.661611426460239e-016 -1.118861613437209e-015 9.844088096313386e-016 -2.27066458715498e-015 1.307590519263481e-015 -1.744236629562485e-016
 1.290936739247815e-015 -1.391786555526906e-016 5.994310719745415e-016 2.143599659446961e-015 2.347255016508206e-017 1.048989306810987e-015 1.156144945313255e-016 2.555369001976783e-016 2.437342363425658e-015 1.84968577789397e-015
 2.236679918899889e-015 1.175437042412428e-015 -9.520528704162082e-016 -3.904584804181233e-016 -8.418572740556127e-016 8.523317601522374e-016 -1.693775885880833e-015 8.018862874776891e-016 7.512104442438105e-016 7.572291093721303e-016
 7.603641646757284e-016 7.512527450132805e-017 5.041526142605674e-016 -1.734858022611276e-015 4.509230281836159e-016 3.657555357075038e-015 5.335404169241756e-016 -5.603891359935515e-016 -3.748551396112517e-017 -1.070550001306453e-015
 -6.706389426445351e-016 -2.36409217083723e-015 -6.60237152113804e-016 2.842959792140324e-015 -5.748904648755525e-017 7.300545518247281e-016 -1.006424405979104e-016 6.431264652428139e-017 1.747571000491048e-015 -7.133024426684641e-016
 2.016561415810214e-009 3.519145893453542e-009 0.871406804183758 -8.31175460945331e-010 5.031460929487108e-010 3.349528132025742e-009 2.786829846637359e-009 -1.849296151511752e-009 1.373034598407259e-009 5.501392351216727e-009
 -3.706065793893834e-009 0.8714068153305949 -5.753338856390534e-010 -7.928866963523653e-010 -4.204931074446408e-009 -5.774587049346588e-010 1.847121568872401e-009 1.857096029060275e-009 -1.955874083160203e-009 4.653739322607792e-009
 -1.103312506297722e-015 -6.361044131610008e-016 -6.730288805280856e-016 -1.156146212824656e-015 9.420727274955286e-016 -1.357041613329217e-015 2.964281163461824e-015 -3.018419599687727e-016 -1.678276831525198e-015 -4.260719322119177e-016
 1.408288577809139e-015 1.904874060691739e-015 2.635805513576027e-016 6.282805194924827e-016 -1.135894282222366e-015 -8.363355337462296e-016 1.144950850237558e-015 2.486104628134921e-015 8.410892138333658e-016 5.09196797814134e-016
 6.125416420242313e-016 3.820924413276819e-016 7.136209316440114e-018 -1.037622336693708e-015 -1.610594436351369e-015 3.676113250586708e-016 -8.072432232977186e-016 5.449887393683903e-016 -3.6403634774387e-015 -8.172283456697305e-016
 6.891801905567889e-016 -1.626215626744176e-015 -5.08335387868298e-016 8.040981383360944e-016 -5.566714894456989e-016 8.297006337665331e-016 1.221419385785821e-015 -2.963052533897753e-015 1.506893230924815e-015 -1.190959720647843e-015
 3.179902805868004e-015 -1.638706258658123e-015 -8.372961356694632e-016 -2.710657690269823e-016 -2.374163214784205e-016 7.40934837239514e-016 -1.861845480424036e-015 -6.986305670511476e-016 -1.48261348929737e-016 9.060079983158769e-016
 7.581835332863882e-016 1.853963154945684e-015 -6.441068897613348e-016 -1.811161347902172e-015 1.265081309863851e-015 -2.101669877965772e-016 7.035329193880854e-018 2.032999123684361e-015 -2.350794334715007e-017 1.208130131851558e-015
 -9.130218747211742e-016 -6.702952386845562e-016 4.737035145405845e-016 2.082583347520924e-015 -1.358163035364759e-015 -8.012315594005598e-016 1.572583213284636e-015 6.16731228642202e-016 2.400052746838435e-015 1.48947171630959e-015
 4.839912506978216e-017 6.070745395721808e-017 1.211243794663858e-015 -2.436381044817329e-016 -7.172094865581421e-016 1.293439194911812e-015 -1.945388861872021e-015 1.242026587399933e-015 8.968089232256359e-016 -5.74518993506644e-016
 1.703047359457513e-015 -1.272489769186693e-015 1.99774435753791e-015 2.173676117826747e-015 -4.993083234128104e-016 8.078884293016925e-016 1.532300485369904e-015 8.415979037538736e-016 -1.233679387289969e-015 -3.585599508604554e-016
 -7.63296974576478e-016 1.003219118970825e-015 -1.317983309206271e-015 -3.085410225859685e-015 1.386630236868229e-015 4.503288893802541e-016 1.854588478348063e-017 -1.064169184035345e-015 -7.119202380139238e-016 3.796931541534953e-016
 -6.708721696330369e-016 -1.015564814476362e-015 4.306557505047045e-016 3.434583563086585e-016 -1.137876910963209e-015 -1.495866578316063e-015 1.026392028520856e-015 3.058757494465049e-015 -1.456306709904966e-015 1.241486454272442e-016
 1.565869578042075e-015 4.261020859528601e-017 -3.229084245268109e-016 1.049807470470859e-015 3.807473925923641e-016 -1.069554701231334e-015 -2.042087898759556e-015 -1.159971218619526e-015 1.545373364486494e-015 -4.962841901138873e-016
 -1.023538643646208e-015 -2.776160370439274e-016 -1.016706452787383e-015 -1.082753285405867e-016 -4.948048323625311e-016 -4.843889710560206e-016 1.52702379258624e-015 -2.272105839813189e-015 1.619458167085978e-015 1.456101561796281e-015
 -2.765083064036757e-009 0.8714068051832553 4.730309661488413e-009 -3.699679069818531e-009 4.289724693232279e-009 2.835236548078652e-009 1.193464610333769e-009 -4.142444805191791e-009 2.7341158470782e-009 4.246251792178835e-009
 1.379714286887244e-015 9.110706525104588e-016 1.674588185922172e-015 1.594993442527454e-015 -1.86740201582186e-015 -1.155584724657912e-015 -9.839778953839785e-016 1.400046966987187e-015 1.189615168698498e-015 -1.281076040123612e-015
 -2.993409235164431e-016 2.840794789216593e-016 -8.154704893233014e-016 1.277591999425006e-015 1.555218469362573e-015 -2.158403367541881e-015 6.671817446238443e-016 1.65464105536009e-015 1.731709921695865e-015 -1.714390109001734e-016
 9.497270126067699e-017 1.609618901366711e-015 -9.855353286648327e-016 3.072488855558945e-016 3.324911890874882e-015 -1.275477830584686e-015 6.075042473757037e-016 8.315912868801278e-016 -5.155785730760707e-016 1.423358244308903e-016
 8.734452877345769e-016 -4.128541817825061e-017 1.975424628103419e-015 1.091896438500459e-015 1.446470854344867e-015 -1.672247495310531e-015 5.568622708018534e-016 2.172507602437798e-015 1.231421937191584e-015 -1.203846118663707e-015
 -1.403445295837079e-016 -2.996047799600744e-015 -1.721924849389562e-015 -2.583689150515368e-015 -1.31821215783883e-015 -2.340915515271136e-016 3.537190685057319e-015 -3.115565035805378e-015 2.165802633548601e-015 3.775380570630186e-015
 5.65610006032851e-016 -1.119414381946102e-015 3.343137948404601e-016 -1.837651897391559e-016 1.209326162057085e-015 2.047174166441461e-015 -1.208991382577509e-015 -4.87358438651331e-016 -8.768069093742423e-016 2.293665271945988e-015
 8.138379966889587e-016 -1.674268585351326e-015 -2.060853511228554e-016 -1.410531874713772e-015 8.342848927334588e-016 -1.097127433590109e-015 1.559658234025198e-015 7.729707155301428e-016 1.525064324183035e-015 4.480987410935888e-016
 -6.917796445229234e-017 7.593132068507927e-016 -1.923624442520991e-015 -2.233542880834268e-015 1.889332010626679e-015 3.515623874773424e-017 -5.186640378056368e-017 -3.105400808433084e-016 1.370976527446743e-015 -2.03661283934379e-015
 -2.517514241045761e-015 1.055757487349174e-015 -4.617651572053448e-016 1.040590616718347e-015 -2.299164842253025e-016 -1.138570789119915e-015 8.718320626892416e-017 -2.726852482488604e-015 9.511857510731557e-016 4.5419852603205e-016
 -5.331164342354125e-016 6.239339579706618e-016 1.724768106803016e-015 -3.250047193365951e-016 -2.330868883085717e-015 1.962214778695398e-015 -1.469967294088169e-015 -8.979813840110057e-016 -1.145221005893245e-015 1.309307653973971e-015
 -2.513129228619712e-016 -6.21430347605185e-017 5.71061409842227e-016 3.585226763044989e-016 -1.419652044402282e-015 2.110456131898553e-015 1.445427449751071e-015 1.005256641362929e-015 2.304357122691348e-015 6.004048823234099e-017
 1.348023996137348e-015 1.441201426454978e-015 -1.311798428109635e-015 1.504875709979165e-015 -2.095082934125829e-015 7.302117317015534e-016 -1.257807506550286e-015 9.094918642343115e-016 1.000012798842683e-015 6.187808480975119e-017
 1.490550437717284e-015 -4.128773626053545e-016 2.842895291088647e-016 1.788257151477901e-015 1.414464528661819e-015 5.557208312693213e-016 -5.795935579618356e-016 -1.606017185272563e-015 -7.737544162525946e-016 1.060116572881681e-015
 1.550256938618226e-015 -2.708642293398698e-016 3.69635673936538e-016 1.606029980341767e-015 -2.720153245378312e-015 -2.937995453340497e-016 5.216686364669158e-016 4.592606021189831e-016 -1.110386740530407e-015 7.27426077660284e-016
 2.017360183036702e-015 -7.889150445174722e-016 4.117155756955715e-016 -6.367747007616595e-016 7.634750671278667e-016 -1.177556687805215e-015 -1.50944107241485e-015 6.771811955526451e-016 -2.725415575057695e-015 -8.116879985715523e-016
 2.923060873934789e-015 1.872808130614485e-016 2.260893782854713e-015 -1.114780215798687e-015 1.576437712429419e-016 -7.850128928270537e-016 9.32090375620916e-017 -7.701257554412601e-016 3.275950373650418e-016 2.925341043341366e-016
 -3.05172147005899e-016 -1.947504124115957e-015 -4.476981457333354e-016 3.084813751418391e-015 4.224957180816562e-016 3.020234240372896e-016 -8.980688828442627e-016 2.562024331368512e-016 -1.210653408008125e-016 1.216682751004896e-016
 1.095841682728358e-015 -1.489602175319402e-015 2.044337882352154e-015 -8.088610114356628e-016 8.562106120794049e-016 -9.749863008969944e-016 2.069293504989653e-016 2.526660978078097e-015 -1.283109516691583e-015 -2.387404426426366e-016
 -6.413009949281986e-010 -9.002702363976909e-010 1.685761410229853e-009 -1.723100452693548e-009 -4.338686803842643e-009 2.010812673004761e-009 1.601844165671285e-010 -4.936364585551883e-009 0.8714068179862459 -2.516927946990381e-009
 1.992025311733544e-015 -1.115028739978415e-015 1.201971729244854e-016 9.707143583625428e-016 2.293226852376134e-015 1.801520155293904e-015 1.099166336854883e-015 -7.801585322435782e-016 3.039639722120779e-016 -3.996409743958699e-016


# name: DatT
# type: matrix
# rows: 1
# columns: 50
 7.5430588722229 8.174526214599609 7.545151948928833 7.522494077682495 7.484467029571533 7.490469217300415 7.532497882843018 7.468003034591675 7.809683084487915 7.734634876251221 7.52199387550354 7.5069899559021 7.468955039978027 7.461452007293701 7.459951162338257 7.398908853530884 7.477463006973267 7.489470958709717 7.462953090667725 7.493520975112915 7.448442935943604 7.456448078155518 7.493473052978516 7.47996187210083 7.466955900192261 7.50047492980957 7.444939851760864 7.487967967987061 7.452945947647095 7.413920879364014 7.491972923278809 7.474459886550903 7.454446077346802 7.492470979690552 7.447490930557251 7.481462955474854 7.450947046279907 7.451447010040283 7.478960990905762 7.458948135375977 7.478962898254395 7.520488977432251 7.479461908340454 7.506482124328613 7.465454816818237 7.49397087097168 7.518489122390747 7.457948923110962 7.436933040618896 8.019822120666504


