# Created by Octave 4.0.0, Sat Nov 19 22:10:02 2016 Hora est. Pacífico, Sudamérica <unknown@HEEC>
# name: DatK
# type: matrix
# rows: 1
# columns: 50
 2000 2000 2000 2000 2000 2000 2000 2000 2000 2000 2000 2000 2000 2000 2000 2000 2000 2000 2000 2000 2000 2000 2000 2000 2000 2000 2000 2000 2000 2000 2000 2000 2000 2000 2000 2000 2000 2000 2000 2000 2000 2000 2000 2000 2000 2000 2000 2000 2000 2000


# name: DatF
# type: matrix
# rows: 1
# columns: 50
 0.2058160915523459 0.07787097987884561 0.03566275816989129 4.507622742083615 0.1099323138163189 1.418087798844129 0.06806345652927942 5.775170184539833e-023 0.1099323138163994 0.8039458224815107 0.06570385748430042 0.8353490380864881 0.734803313415856 0.01072896381656516 0.9600504204154569 5.019601278782951 0.897114266210435 0.04102660445418035 1.589137594377939 0.01072896381344743 0.01072896381352187 0.03566311892284816 0.00536448190677121 0.2377191898794813 3.09164513499491 9.169611578075723e-015 1.877653968168852 1.289287976438862e-009 0.04639222602762995 0.06806557235535336 1.439142089081696 4.573676764590332 2.046857796390531 0.6078669742300515 0.2557490983781494 1.131624202184805e-021 0.06596033410489907 0.01072896381344953 2.253910570306263 0.02682240953361863 0.01072896381344738 0.07342793843600902 0.09299661523401626 0.383623647545781 0.1889026164021927 1.349181752446516e-022 0.9969051902471858 0.01072896381520496 0.2430842256911709 0.01072896381344738


# name: DatP
# type: matrix
# rows: 50
# columns: 10
 2.494384199042131e-034 2.607093173391892e-034 3.295020592005553e-034 1.00212105855305e-033 -0.00727644296099021 -9.355296646237356e-035 -4.522183189819721e-035 7.131932028997095e-035 0.0002209255957339426 3.911061069901522e-008
 -1.212938035092628e-034 -3.125817407343809e-036 -9.283869620719357e-036 1.04396746166808e-036 -6.622690323262108e-035 1.40433122066583e-034 6.885986252580802e-035 0.0009703650499785479 -7.595404897578408e-010 -0.0002209257769437279
 -1.095820616292312e-033 9.803929477340538e-035 5.453583312270931e-035 4.114412566100071e-033 -7.066522361342804e-035 5.076191710357813e-034 3.239507869221046e-034 -0.0002203503359490943 2.257288347889907e-005 1.316812497811948e-005
 -2.613781395090625e-005 1.137348259065835e-008 -2.613781287415487e-005 -3.909708000797086e-031 4.410015941471532e-031 1.353082692475564e-031 4.40929055936442e-031 -2.867061192498551e-031 5.040155993785137 0.001558462125964751
 -4.511484355963288e-007 0.002982235556162915 -1.057449431102762e-030 1.580698449864333e-029 -1.195668355252695e-033 -3.265339759422349e-034 -7.138798950063098e-036 3.372411347989194e-035 2.125295006992971e-036 1.170273527584742e-035
 -8.616022457207571e-033 8.204935611280826e-033 0.09730531332240132 -0.1230632532306866 0.09730531296850867 5.818876275277627e-033 -2.09240511432161e-033 -4.873505956078784e-033 -6.371776686715519e-033 5.893700648994706e-032
 2.613781645452302e-005 -6.000739000757958e-035 2.212876337789819e-034 -8.011266864667134e-035 -3.121904976034794e-033 5.911203390823832e-034 -7.169927626284729e-034 -1.313539212819741e-033 -0.0009627110456680296 3.100443796714941e-008
 2.22896986538706e-046 3.081660826729362e-046 3.073622128677307e-047 -5.662996800873816e-048 -4.940078527028146e-048 -2.754699535337363e-048 8.390276802590947e-050 4.339455060120621e-050 -1.315975003756289e-047 -1.355279678661397e-047
 1.014758661411932e-033 -4.928615413342166e-034 -1.954059290185032e-027 -2.442622418036183e-034 2.326503331536451e-034 3.200028158970984e-035 -8.796884307859042e-035 -1.988789725558766e-034 0.002982235557609124 2.813282379652422e-008
 -6.227783743300934e-033 2.160917027050987e-033 -2.61378146788806e-005 -9.513315866089903e-009 0.1568849522108247 -2.225355208020382e-033 1.99366958916847e-033 6.706588659127688e-030 1.56939401654888e-032 -1.445613847968902e-032
 1.598959906576483e-035 5.370861441883717e-035 9.38733623824781e-035 3.669545050707432e-034 -7.522554071503841e-030 2.54201168091896e-005 1.763744226553525e-036 3.977247673696613e-036 7.533079844247885e-037 -0.002982235567848988
 -5.533452470770726e-033 1.655777499188514e-033 0.1568834758827412 0.0009626094672768701 4.360219952424112e-034 2.595447948098036e-034 -6.576791033616273e-033 2.12717580999955e-032 2.444821521512529e-005 -1.364045122904929e-005
 -3.079022622341384e-033 7.655023815795031e-033 -8.815437638876031e-033 6.545116054305404e-032 2.142170692066115e-033 -6.204797320713101e-033 0.0973005093702565 -0.00136740870012856 -0.002650264692124945 -0.00136742296078804
 1.672104392922717e-036 -2.210837108501137e-037 -5.467809450539231e-037 5.157350831331672e-037 2.613738799838699e-005 -2.774445239311671e-037 2.21072580474607e-037 -3.448555668433829e-037 9.306853056431745e-038 5.111707505355463e-037
 7.902622534135353e-033 -8.155684144279388e-033 -7.910970905936022e-033 4.235142647425429e-035 -0.05728730515268441 -0.004402662587681587 -0.0572873086094715 2.08872446459962e-032 1.252828924652573e-032 2.408146925923376e-032
 0.0003044784376313894 6.295325463093841 -1.868651944391339e-032 -7.995916908105487e-033 2.918308281888089e-028 4.075870573825355e-029 -1.219686885314101e-027 -3.210340948659343e-031 -1.031961689169608e-029 -6.106829261917933e-030
 -2.889810693849368e-023 8.678828871730298e-023 -0.05737165107577068 1.675715803721642e-016 6.47284128726986e-028 -6.797702582428819e-028 9.228006076674501e-015 2.613785177709886e-005 0.0002193739867233383 0.1568847941844156
 2.476873084436563e-035 1.711525214970599e-035 -0.0002209295116000062 1.455691101530589e-035 -1.084574542852266e-035 5.662410927238401e-035 -2.613779789887428e-005 2.350539791152575e-036 3.707441728204815e-036 6.362135901176661e-036
 0.1232903877178536 0.09701736258696615 0.1232903856386559 0.09701736631651414 0.007480274812801176 5.294200458962651e-033 1.399072746842665e-033 5.478653422300513e-033 -5.886956944490447e-033 7.645700198179488e-033
 -1.801989854221783e-035 -8.074020208277732e-037 2.064957413275322e-035 2.613781563307553e-005 4.673378459008952e-035 -1.658484637427757e-035 -1.273915596565176e-035 -1.063901950310905e-034 -5.963691710919888e-035 5.614553921198629e-036
 -6.993424143793734e-008 2.613772199385091e-005 1.14683376418648e-037 2.350620861995169e-037 1.048348221883823e-036 -1.969586441446281e-036 1.279233734432135e-036 2.787380335635188e-036 5.152700829644492e-037 -2.57253007731065e-039
 6.700040016990309e-006 2.525460600994546e-005 0.0002202059128249977 4.179250843908657e-034 -1.24326380009183e-033 -3.542849233616352e-035 2.034043200692564e-035 -9.189250187225429e-035 -2.325589624063375e-035 1.040034429013408e-034
 4.85579124186296e-037 6.306043491046706e-037 1.853312534598993e-037 1.246373642912947e-036 -1.325966122128968e-037 -1.025492070689771e-037 3.600583980420869e-038 -5.643168605404193e-028 -4.591761375279357e-030 -2.61378163555903e-005
 3.100840840150631e-035 4.271121680912663e-035 -8.920691919987197e-034 -1.671954986503783e-033 -7.875746452228016e-034 1.268544932786287e-033 0.007202073956548616 -0.002940988881710854 -2.614030123901123e-005 6.877514637764386e-011
 -9.553425216194894 3.429415443304377e-032 -1.684622737924698e-032 -4.594037711806305e-032 -1.823429033942784e-033 -1.138989295585244e-032 -2.039471215560177e-033 -3.398953077213498e-032 2.113501958449288e-032 1.037968051328583e-032
 -1.874758572012683e-030 -7.885709749651857e-033 8.283334766979012e-031 -2.06761560014331e-030 -3.054563862981871e-032 3.91825097783297e-030 5.485640595034383e-037 -3.240002180322507e-039 -1.028599054025809e-039 -3.287285681443962e-039
 1.810671696302561e-032 9.432094058713896e-033 -1.024890595833348e-032 -5.53081319344788e-032 0.0002209255594702076 1.614147354756863e-007 0.000220925528941441 -0.0009370189480487823 0.0002209254346293022 -3.128678853660319
 3.641720345542559e-020 1.978544643842185e-022 1.325403664375847e-020 -2.32598907309634e-043 -2.517136018987376e-043 1.031985018649871e-042 -8.693232757665951e-020 -3.468229963905382e-042 3.123040833206324e-042 7.753098264927046e-020
 1.927995077290716e-035 6.834054695017212e-036 2.294306544002061e-035 -3.652477988528131e-036 2.612758966496516e-005 1.033920833822244e-006 -2.610713303365323e-005 0.0002201566543657139 -5.45672958494841e-035 -9.909101525659955e-036
 -2.18293905295905e-033 -2.547615813073427e-033 3.254767926156665e-030 9.261026267548708e-034 4.955455719340886e-034 0.000962710586341992 1.847244705103361e-022 3.357413114608756e-033 -1.726407358387997e-033 -2.663490834823812e-005
 -1.387365288398719 -8.481524647930402e-033 5.714925920128812e-033 1.022525423348604e-032 2.408372673786726e-033 3.754880954428615e-033 7.389380318385609e-032 -0.007480274681715764 -2.220122822252798e-006 0.007480274472761284
 3.337621633367945 -2.193088113837317 -1.024290245871476 5.239369434683747e-031 9.280366047561089e-031 1.578070931832073e-027 3.906288729156426e-027 7.947189893819826e-032 7.152952329416857e-032 -2.613791941057914e-005
 6.861628299322728e-032 -8.337971275407988e-032 2.613844013867867e-005 9.166761968159321e-010 -2.613781724501207e-005 1.024290267904999 -2.615575868767614e-005 1.14021485607561e-033 5.889093091953685e-034 -5.638624659918069e-033
 -0.01624516033962878 1.494447219890034e-027 9.300889356609697e-034 1.386419973142466e-033 1.981342367828624e-033 2.973765657443094e-028 6.485500738565145e-032 5.038329820323733e-032 -0.05737165224163813 -1.879209042564859e-006
 1.242383371933315e-033 -6.315477422334109e-035 3.026941207577571e-036 -8.512302913773018e-035 -2.328968120181393e-034 8.797248442632891e-035 -8.601154532616446e-034 0.01624518831252556 -6.676193446921154e-034 -1.981730174506322e-034
 -6.980930191380152e-046 1.495571369466873e-044 -1.708674455547994e-045 8.501761997782878e-045 -3.767280219973251e-045 8.076823403764426e-045 -5.435981601501354e-046 2.141874464029114e-044 -2.979190690988982e-044 -6.651275109921529e-045
 3.61663332493178e-030 5.861263969080477e-029 1.28062668508966e-030 -2.613269561682849e-005 -0.0002197642806918711 -1.847861727274913e-005 0.0002205397870019582 -2.731067094263305e-035 2.658050261202631e-035 1.272576913242868e-035
 2.69537551907904e-031 1.065182169275473e-030 1.623006048635106e-034 -1.631418210854699e-036 2.49149083609965e-035 2.729790827520437e-035 1.511456576078793e-034 -2.416765434312827e-034 2.613781547421717e-005 -7.622873041861552e-009
 -1.19910530290957e-032 1.826194012158607e-030 -1.689519293325665e-015 4.653908632418343e-019 -0.0009627110137978525 -1.222876982081037e-031 9.925116446414312e-031 -1.482110289433818e-031 1.024290269922714 -0.935741356768465
 -2.613781193167988e-005 -1.278395502591921e-008 -2.613781127589566e-005 -1.739736439482106e-008 -2.613781259885582e-005 4.952145486678457e-036 7.080387283126519e-036 2.597026210058098e-036 -3.395922615152162e-037 -3.756656865196424e-037
 1.602126130719273e-036 -3.144468335594828e-037 -4.713706518900882e-037 -9.512936202799937e-037 -4.748208198907277e-037 -4.782527874812816e-037 -2.613781584996861e-005 -5.11633856549385e-037 -5.616999493962222e-036 2.08937789735896e-036
 -3.014032103994511e-009 2.613781406979662e-005 7.179102476087664e-036 -4.375617887888916e-035 -2.715402992120228e-034 3.627517549599076e-034 0.0009627110712156267 -8.165727347020466e-036 3.261482091128418e-035 -3.387195720261371e-029
 -1.790897905173425e-008 -0.000220925598688046 1.178409912235949e-031 -1.483383164455866e-034 1.051176469649391e-034 0.0009627110049129612 1.251802835742425e-034 -2.810312753917111e-034 -1.464309909483499e-037 -9.66627060193961e-036
 -0.01624516009320789 2.710806951071013e-006 0.01624516019799736 -5.773066378924191e-034 5.298668372741817e-033 -5.910661993872106e-035 1.058350573657717e-034 1.102277693208931e-034 -1.387607179674004e-034 9.605248636377533e-035
 -2.092830062170946e-017 -1.302129285292938e-024 -6.949866038139492e-026 -1.246689127617577e-025 -1.644412790839233e-024 0.0002209240786092676 -0.007478642416383263 2.860039021938973e-017 -4.982996971358079e-025 2.266864734319817e-025
 6.623374029898324e-047 8.751401589398201e-047 1.653098679977688e-046 -1.06430873333291e-046 -1.754010136982064e-047 -1.839162840786933e-046 -4.311936495056457e-047 -1.613394365661561e-046 5.08286145405631e-046 1.475057405007439e-046
 -2.565475058934094e-032 -3.465075151307015e-033 -7.334428373665991e-033 3.724835366554914e-033 2.645218187267906e-033 -0.2425993621649076 1.466124035420754e-011 2.623670564326214e-005 2.311217349347314e-032 5.89143608532971e-033
 -4.684912226514835e-037 3.855659795407357e-037 6.961247085079847e-037 -7.54564295841979e-037 -7.482747928182583e-038 -6.415987701147177e-037 2.052108453680051e-036 -2.613749450672105e-005 -2.571762073167257e-037 -6.649258738472121e-037
 -2.468207398936224e-033 1.171999862510354e-032 4.666501292083719e-033 -2.770908375236542e-033 -0.002941102029777812 0.00720205341073199 5.967630671237262e-007 2.613348678965878e-005 3.901509227300946e-034 3.670855044630864e-034
 5.488276856609013e-036 -3.126946996740724e-036 2.613781534710425e-005 4.438180149031518e-037 1.524176103753476e-037 -5.329017471762323e-037 2.125062702075007e-036 3.783054343161798e-036 -3.958461045392138e-036 -3.074051246752816e-037


# name: DatT
# type: matrix
# rows: 1
# columns: 50
 6.523828983306885 6.573362112045288 6.563353061676025 6.465289831161499 6.676433086395264 6.590873003005981 6.560350894927979 6.508319139480591 6.568359851837158 6.606885194778442 6.518323183059692 6.486808061599731 6.550345897674561 6.409303188323975 6.415256023406982 6.673929214477539 6.630398035049438 6.46979284286499 6.50238299369812 6.5489501953125 6.489804983139038 7.139997959136963 7.614826917648315 6.466288089752197 6.423261880874634 6.58086895942688 6.457785129547119 6.501315116882324 6.548845052719116 6.557350873947144 6.637905120849609 6.590424060821533 6.412256002426147 6.703948974609375 6.506313800811768 6.586372852325439 6.65294885635376 6.640908002853394 6.54234790802002 6.645408868789673 6.464287996292114 6.512480020523071 6.636904001235962 6.449278831481934 6.636445999145508 6.562854051589966 6.387239933013916 6.429267168045044 6.596875905990601 6.524327993392944


