# Created by Octave 4.0.0, Sat Nov 19 21:51:00 2016 Hora est. Pacífico, Sudamérica <unknown@HEEC>
# name: DatK
# type: matrix
# rows: 1
# columns: 50
 2000 2000 2000 2000 2000 2000 2000 2000 2000 2000 2000 2000 2000 2000 2000 2000 2000 2000 2000 2000 2000 2000 2000 2000 2000 2000 2000 2000 2000 2000 2000 2000 2000 2000 2000 2000 2000 2000 2000 2000 2000 2000 2000 2000 2000 2000 2000 2000 2000 2000


# name: DatF
# type: matrix
# rows: 1
# columns: 50
 0.06394846856762104 0.08366047899142337 0.04682273973682372 0.06146015992347398 0.07872820695769078 0.06391894601601777 0.02955218369277413 0.08364330344073512 0.03201342765703685 0.08364330344073523 0.1745354013914 0.04672214097412908 0.0172410209152829 0.05174030364051885 0.05166904152222884 0.06644881468781971 0.08115014693311562 0.09602074418613593 0.1229889128534404 0.04184613920232649 0.103365119561565 0.007396040334114895 0.04187073017506937 0.05406909032577822 0.118142447785743 0.1131586772768423 0.04916372318797846 0.09837403460014982 0.0344771317383783 0.06644149666149923 0.08865179923827826 0.03935306837554942 0.04430738290277814 0.09357664492374773 0.073847333517155 0.03471401732261847 0.04925202357875458 0.07377871436483674 0.03691875359038865 0.1033015301702889 0.01477977675482567 0.06390915582010126 0.05654322995733896 0.05418680112878294 0.06894689717979063 0.05166170510321033 0.09591768821738 0.05408377515919383 0.1450640579056369 0.0565400860051769


# name: DatP
# type: matrix
# rows: 50
# columns: 10
 6.280044654415534 4.4384435986229 5.433246630957892 -1.185413060623171e-008 5.716511958093723e-009 8.810953068168257e-009 8.282878075206385 -3.86858774536763e-009 -1.046295980958536e-008 -9.885156479080296
 6.280044565236941 4.438443491492291 -5.433246398865199 6.270641293176314 7.007292818441686 -2.114000666861424e-009 -8.282877285369938 9.985585697647769e-009 9.382549560694397 6.574365257334721e-009
 9.42006768656614 4.438444256738106 5.433247803421278 1.974468055089252e-008 7.007295843894452 2.115511069652701e-008 -2.678799216353782e-008 1.035461582429265e-008 -1.320139729277497e-008 5.863360998145782e-009
 9.14204539383766e-009 1.533755574419255e-009 -5.433246469824799 9.029070279268359e-009 -7.007292915531186 -4.507546024651718e-009 8.282877479549485 5.33510067555001e-009 -1.860228773028287e-008 -9.885155448090794
 -8.719683167264496e-009 8.876887073641006 5.433246405530245 -1.94174372824737e-008 -7.007292873298761 7.672277578234041 -1.616120551001821e-008 3.532538703996642e-009 3.712885178217995e-009 9.885155262988782
 8.507876622749612e-009 2.787588269434514e-009 1.027957657969516e-008 -6.270641265278885 -7.007292783433306 -1.049993101779431e-008 -8.282877198717062 1.737981177928836e-008 1.949098683182466e-008 9.885155025309103
 -3.140022548795973 -4.438444257130262 -3.420674832901586e-009 6.270643484800425 7.007295873642088 2.484790367704807e-008 4.843642523142117e-009 -6.891568787565501e-009 -9.90213332261161e-009 1.912521197344335e-008
 6.841643439961893e-010 -8.876886905805222 1.489729401630783e-008 6.27064108779767 7.007292524336274 1.390244275910698e-008 -1.843114240514202e-008 -8.850357512722324 9.382548826463305 3.106011228942503e-008
 3.140022544469846 -1.33734093946204e-008 -5.433247766699109 -6.270643386090787 -7.007295756296931 2.535777622864291e-008 -1.02476618906148e-009 1.968708468686907e-008 -2.540783100103696e-008 -1.655966332947338e-008
 5.965069501673737e-010 8.876886919179936 -5.434323330729533e-009 -6.270641099690043 7.007292526822604 -1.356601558211064e-009 1.520192336233733e-009 8.850357535800256 -9.382548834396863 -1.661730834783428e-008
 -3.14002162015868 -4.43844164975629 -6.827334613055916e-009 12.54127313605762 1.62299426204968e-009 -7.672267954564579 -6.717776268619405e-009 -1.411824319062886e-008 18.76508068137059 9.885134572415778
 9.104823228833403e-009 4.438443799477373 -5.433246997442259 -6.270642217509643 1.776878726666651e-008 2.46032741811606e-008 -1.255408137348965e-009 1.215234733318843e-008 1.860712322211482e-008 -9.885158690785357
 -5.092702074143093e-009 2.353158229757892e-009 5.433248039459181 -6.270643785800834 1.221297440580269e-008 -2.728003568613453e-009 -1.514051728219318e-008 -2.468905743797999e-008 -2.381649183073756e-008 2.379458971976931e-008
 -6.280045070384807 8.876888449789389 -1.13187680607105e-008 6.270643262782396 -7.007295528992748 2.572046869434462e-008 -7.629815173307653e-009 1.786747347603975e-008 4.451464164668752e-009 -4.767931471394175e-009
 -5.141478338239439e-011 1.043702272269945e-008 -5.433247089797555 4.598460782707286e-009 -7.007294292653596 7.672279467623029 -8.282879747189378 6.921418044464123e-009 3.153748351703715e-008 -3.184378010219709e-008
 -4.022959169309591e-009 -4.438443766399131 5.433246902797886 -6.270642063878396 -7.007293860502479 -7.672278889618308 8.282879000747894 -7.820357901547375e-009 1.040966030575567e-008 1.392524974438479e-008
 -9.14019884406436e-009 -4.438443286859678 5.433246074129366 -4.885176915152641e-009 -7.007292069510795 -7.672276535711314 -8.282876073394354 -1.932537557312727e-008 -2.415463949146834e-008 -9.885153023537026
 -6.280044636817651 8.87688727558154 -10.86649353319511 -1.479505990604239e-008 -1.430136408682048e-008 1.552778339747348e-008 8.282877961241606 8.850358962451859 1.471057477166447e-009 -2.352514650575015e-009
 6.280044105116609 -4.438442824255748 5.433245179281509 6.270639428360122 2.461358486941007e-009 1.431049749729057e-008 -16.56575287517005 2.75835614959382e-008 9.382543271720589 -2.32756628979425e-008
 8.773112009337249e-010 -4.438444065861224 1.117711748397635e-008 6.270642939872777 -7.007295096154454 7.672280508635238 5.779894989090704e-009 -1.699679466379322e-010 3.519764837700367e-009 -1.709253409011895e-008
 3.140022228622155 -4.438443331975827 5.43324612071051 12.54128271314591 -7.007292231495575 -9.346131853762384e-009 8.282876299180868 -8.850356926469754 3.049119443237422e-008 -1.682978855105027e-008
 3.140022629714215 4.438444475370235 1.717868911513438e-008 8.436276460604942e-009 -1.484400862422952e-008 -1.909348769190103e-008 2.044292510811064e-008 2.311739397756596e-008 1.874534635264695e-008 -2.301266787422501e-008
 -1.005235208264434e-008 -8.876888441037119 5.433247663602621 -3.481650884301231e-009 1.70551719425315e-008 -7.672281095239874 -3.594102842128375e-009 2.820142877611443e-008 -2.054307376741946e-008 6.018262984019231e-009
 3.140022312426394 6.349054309293525e-009 5.433246550143399 -1.579023302049757e-008 1.199966497279114e-008 -4.45092028522687e-010 1.01966892203468e-008 -8.85035874796365 2.601838514054063e-008 9.885155991488775
 4.499773802949528e-009 8.876886509453804 -5.433245911016343 12.54128203408852 -1.915529760680291e-008 7.672276126089631 -8.28287553681311 -8.850355960930258 -1.334799825683116e-008 -8.918250612550948e-009
 3.140022102925608 -9.532276582126961e-009 10.86649136229616 -6.270639926327847 -7.007290889721974 -7.672274984931436 8.330721377750033e-009 -8.850354239299225 -1.753873626404631e-008 -9.885149696123154
 3.140022355450116 -4.438443695585245 7.378382775288622e-009 1.464718607995699e-008 1.306557770494515e-008 -1.212426998715118e-008 -2.288539820974116e-008 -8.850359774588647 9.382551507555556 -2.045411412266459e-008
 6.280044286887242 -4.438443081732018 -3.867220186762335e-010 6.270640150557215 -7.007291221452994 2.159368323827977e-008 8.282874696224333 8.85035496649453 1.217833088392169e-008 -9.885150670072466
 -6.551252343958738e-009 -4.438444213214546 -5.433247741899186 -6.270643330731234 7.007295699704292 -5.244780354159688e-009 6.05389209571217e-010 8.255169409843897e-009 1.247213517225136e-008 -1.348196345746993e-009
 -6.280044739410875 1.336341854062446e-008 4.219404980843377e-009 -6.270641943057209 -7.007293755415015 7.672278727975041 -1.494318941013057e-008 -8.850359970802518 2.266006258164516e-008 -2.141066189136234e-008
 -12.5600895716832 4.438443742168519 5.433246858460616 -1.291424619402067e-008 -5.875881016599096e-009 4.041794442037019e-009 -8.282878912595791 -8.850360125028235 -2.79836742716778e-008 -2.499256219566975e-008
 -3.140022452421625 4.438443958503868 -1.049875849893003e-009 -6.270642613232383 -7.564861619722347e-009 -1.998200933062058e-008 1.260379269540149e-008 -2.450654771251986e-008 9.38255398738927 8.496909308640597e-009
 8.807408698117301e-009 1.213727263302196e-008 5.433247408299723 -6.270642860863239 -7.007295013109769 -7.672280397480704 1.565641991400914e-008 2.160795598098818e-008 -1.032505187924321e-008 -1.65817212392929e-008
 -3.140022347694041 -4.438443690503596 16.2997417813917 -8.51353079316555e-009 -2.173514243816527e-008 5.974223466673741e-009 -2.501961742957773e-008 -8.850359780592285 2.783324645005711e-008 2.355288005768814e-008
 3.140022370336161 5.85099004950767e-010 10.86649408592139 6.27064201659324 7.00729379186747 2.369071132109706e-008 1.258582461446094e-008 -8.850360140233736 1.558306265893639e-010 -1.73052707516477e-008
 -3.14510266974581 -8.878710621652852 0.01703777800089185 -0.001011594119956783 7.004489267830363 -0.0231372544129066 -0.03235628315852143 -0.007105797448804531 0.02448882300333279 -0.007216698398132953
 6.28004499840185 -4.438444085275879 5.43324749700301 5.522576845301048e-009 7.007295174595153 7.672280611508013 7.671769667902176e-009 -2.736590926434866e-009 2.235566364586871e-009 -1.446350679008967e-008
 -6.280044534768579 1.368906735702447e-008 -5.433246306158584 -3.302203584813851e-009 4.563568093427954e-010 7.672277243822797 -8.282876938417532 2.126275364749415e-008 6.954499516282108e-009 -9.885154537199602
 3.140022497359654 -1.13066290824354e-008 -5.433247514038033 6.270643039408014 -2.65182464219771e-009 1.1199880505194e-008 -8.282881301617014 2.437697833633861e-008 -1.021771475022385e-008 -6.524611390397997e-009
 9.420066410531913 4.438443057100843 7.645814257050575e-009 -1.610349349218004e-008 -7.007291121984378 1.160931223935114e-008 -8.282874481054646 2.242481729827296e-008 9.382545434880566 9.885150318425094
 9.393474318137449e-009 -4.43844439518807 5.173782852509365e-009 6.27064388488604 -1.276433841536261e-008 1.488968938694323e-008 2.462928383624314e-008 -6.056353640628345e-009 -2.193852400029799e-008 -2.954004706090445e-009
 -9.698681433019144e-010 -3.798322387837305e-009 -5.433246324416255 -9.362317351767314e-009 -7.007292604671621 -1.891580293582989e-008 1.714967568245219e-008 -8.850357728224372 1.795530791203346e-008 -9.885154546584921
 -0.0001440904238229605 -4.438595259550167 0.0003364954339086602 6.270804032959769 -0.0006319603857144377 -0.0003756721523578848 -8.282881311989449 0.0005870186009969937 0.003062117584878862 9.884683705168465
 3.140022498025721 8.87688825183937 -5.433247490082688 -6.270642977872062 -6.038607708073802e-009 7.672280600232945 -1.267536479512102e-009 -3.794415017580408e-009 -1.788899065618363e-008 8.759435472958619e-009
 -3.140022424292197 -2.855993493724498e-009 -10.86649463733967 -6.270642448439082 -7.007294395880838 7.67227960447286 2.65089558541694e-008 -1.522349472745292e-008 1.761009703299754e-008 -1.635135773298999e-009
 4.30340343788565e-009 -1.530425820420483e-009 5.433247034485975 -6.270642239543029 -2.584868416771991e-009 7.672279281437569 2.626269076703703e-008 -8.850360892052716 -6.722825156212852e-009 2.463843494010845e-008
 2.670984245596082e-009 -4.438443140293449 -10.86649189546512 6.682164906656415e-009 -1.714878472318976e-008 -1.934972293402737e-008 -8.282875022994508 -8.850355319595126 1.771140769426472e-008 9.885151207208573
 3.140022325684445 3.386997527347409e-009 -1.610037612263609e-008 3.173255488916196e-009 7.007293389424983 7.672278252043987 4.984277130123579e-009 -2.149570075123046e-009 -1.871477773990337e-008 9.885156712534796
 -3.140021843402093 4.438442227770002 1.003988027897531e-008 -6.270637771434479 -1.84013949492178e-008 7.672271076141249 16.56574530191392 8.850348214762946 -4.850199162484379e-009 -9.885141327180568
 -3.140022310302579 4.731701948618162e-009 -1.946867481028766e-009 1.617090172225132e-008 -7.007293186873472 -7.722935744692382e-009 -1.366315636536178e-008 -8.850358883551692 9.38255042734008 2.954577192385223e-008


# name: DatT
# type: matrix
# rows: 1
# columns: 50
 20.81480979919434 20.99393105506897 21.00743985176086 21.01054286956787 21.09399509429932 21.01544904708862 21.01994895935059 21.03195595741272 20.97291803359985 20.9734160900116 21.00797986984253 21.07598304748535 21.09449696540833 21.06847810745239 20.99644017219543 21.06854295730591 21.03495502471924 20.97441911697388 20.97041296958923 21.02295088768005 21.00143384933472 21.32114410400391 21.01194596290588 21.02544903755188 21.03295588493347 21.00893998146057 21.03345584869385 21.0519700050354 21.02044892311096 21.01848912239075 21.06347584724426 21.07449007034302 21.02394890785217 21.16103982925415 21.04896807670593 21.03846192359924 21.04946804046631 21.05146884918213 21.10300207138062 21.05697011947632 21.04596495628357 21.06147289276123 21.05697417259216 20.98742699623108 21.05246996879578 21.04496216773987 21.02650308609009 21.05697298049927 21.00644302368164 21.04095983505249


