# Created by Octave 4.0.0, Sat Nov 19 21:10:56 2016 Hora est. Pacífico, Sudamérica <unknown@HEEC>
# name: DatK
# type: matrix
# rows: 1
# columns: 50
 2000 2000 2000 2000 2000 2000 2000 2000 2000 2000 2000 2000 2000 2000 2000 2000 2000 2000 2000 2000 2000 2000 2000 2000 2000 2000 2000 2000 2000 2000 2000 2000 2000 2000 2000 2000 2000 2000 2000 2000 2000 2000 2000 2000 2000 2000 2000 2000 2000 2000


# name: DatF
# type: matrix
# rows: 1
# columns: 50
 2.691930082319272 2.430928344221043 0.001010957638032907 7.700797728551356 0.2519832152494101 0.03002451434619896 0.5377596532396858 4.052566641057609 7.378380830017907 1.485304191575452 2.990100208172629 1.868071347165926 7.044107840339763 1.370793353982484 1.063046942485383 1.593198074301184 0.8374915427867102 0.2563053125330519 0.9026486702602454 6.586374124226177 0.01859357133868871 0.8392714492033885 0.08447673108507205 0.7801939545269339 4.022117842641071 6.294742355133522 5.527610637911522 2.139928659873342 1.992688996827627 1.821984351277952 1.516863341602333 0.9276437139430096 4.57085874564567 4.002135522939176 0.05915548987475144 0.7847062088155191 0.04527209066855092 0.01966780234669644 4.24725524800067 6.295503618089461 4.021247230684395 1.820964329522679 4.043163852255077 0.02128314092934716 3.989335669800889 0.06306687091316324 2.162269935335403 0.03667750618484567 2.130107091543661 0.8711520465563045


# name: DatP
# type: matrix
# rows: 50
# columns: 10
 -0.9754077296532017 -0.952131354538576 -0.9119934265405809 -0.851319732714233 -0.7353760866740525 -0.5462070449994664 -0.2991613384936228 -0.07931171759047774 -0.01766494745480653 -0.002309416931260242
 -0.9816261854084173 -0.9634962594684108 -0.933760973882774 -0.8744656278201576 -0.7654319395221371 -0.5848383543950212 -0.3375908381268961 -0.1251563709601161 -0.0254134599314736 -0.0007143810589302842
 -1.000247638798706 -1.00039064853496 -1.000668905230935 -1.001227363961559 -1.001881381885537 -1.003435801441597 -1.006666749035071 -1.013330421075685 -1.026804439011632 -1.054279964187146
 0.9281581257651655 -0.8971968826623454 -0.8293751416420934 -0.7015521298890725 -0.4998045671783803 -0.2564274978176231 -0.07595948164040012 -0.01207178854518322 -0.01033770332486907 0.003003538912999233
 -0.9972927855166615 -0.9945796409313062 -0.9899156136747037 -0.9807049145446328 -0.9631211778241326 -0.9309814565185088 -0.8743420968525123 -0.7681082508905442 -0.5913102884289211 -0.3491033601841048
 -1.000660475518176 -1.001288376129293 -1.002398847390521 -1.004687654778859 -1.009078668655946 -1.018104970676535 -1.036803337503686 -1.072206141234348 -1.147575992450527 -1.317519081064547
 -1.002287174009093 -1.001950032203513 -1.009097420504271 -1.018457368896061 -1.033998582965184 -1.06709120435572 -1.132511443014222 -1.285258139185647 -1.648690276922911 -2.722069545140807
 0.9918484284821401 -0.9933560108302039 -0.990932811058836 -0.9897608638390287 -0.983400893491574 -0.9688144804082643 -0.9394184091698717 -0.8841234212344088 -0.7824841552749182 -0.6116045156156402
 0.9560202868735173 -0.9248295061618225 -0.8607717601432572 -0.7433979323403539 -0.5543114285598947 -0.3158177942529069 -0.1074703523433189 -0.01075345538862044 -0.01209373842731893 0.001279331571487402
 -0.9908458856462008 -0.981331190903595 -0.9624752552745189 -0.9259775748796545 -0.8595733461562856 -0.7622053562742027 -0.5947072833691992 -0.3618297983237374 -0.1383961022338185 -0.01503015927148548
 -0.9755285111297299 -0.9536368792608195 -0.9104987148725743 -0.8311717697543396 -0.6914367255823535 -0.4806095655892677 -0.2281974083906849 -0.02851985997872807 -0.01080070651464771 0.000227071953014264
 -0.9835478933716522 -0.9687342262346339 -0.9405821956984064 -0.9038078186452924 -0.8369081243356508 -0.7114131889541846 -0.5118101363714331 -0.2627505151122169 -0.06761281584207474 -0.004658550009245517
 0.9657261147987586 -0.942802845444155 -0.8939704998957412 -0.8014398321883919 -0.6424748615810891 -0.421528301465446 -0.1809217265029518 -0.01903845676241933 -0.01149376545954438 -0.0001321093741790615
 -0.9834416499885605 -0.9713929392184434 -0.9546772048950842 -0.9347063452630346 -0.8857915609836359 -0.7908832131977388 -0.6281294273025305 -0.3941216146255497 -0.1616980409555408 -0.01790465662255351
 -0.9895162354179136 -0.9790925908652672 -0.9625647090776843 -0.928421236648323 -0.9147115774362468 -0.865410129521615 -0.7647531143033733 -0.594836361154874 -0.3591565272498341 -0.1287518000971491
 -0.9887211613573347 -0.9777152909265765 -0.9568826567791331 -0.9160329704392329 -0.8580313473991535 -0.7465198958434663 -0.5685356681160811 -0.3292726712745638 -0.1074242915933112 -0.005507474047153265
 -0.9853729877596736 -0.9768979657812725 -0.9716775554275269 -0.9562416073231412 -0.9220865175247744 -0.8539830662879176 -0.7427866597795096 -0.5611533883205175 -0.3193807466809778 -0.1020040643905824
 -0.9929307795287297 -0.9838056449445953 -0.9842763388623516 -0.9767895019518236 -0.9633887932027124 -0.9398466837847832 -0.8890944243449314 -0.7948670748614812 -0.6341008386217535 -0.4009921729502265
 -0.9891680053598408 -0.9796373531395569 -0.972350947836597 -0.9526393586071905 -0.9184992579694615 -0.8521341145156655 -0.7309337207724775 -0.5357179672509502 -0.2845915787766351 -0.06451078939162418
 0.9712530860799569 -0.9543343695986057 -0.917230033660647 -0.8450345386115441 -0.7154293589165881 -0.5294288501068055 -0.2924980220944317 -0.09593351106820128 -0.01625869094433335 -0.001153966987956992
 -0.9990536489005624 -0.998195510290742 -0.9965879755598759 -0.9950626041206889 -0.990701235649965 -0.9840829223703745 -0.9701500294064082 -0.9423078071934059 -0.8882609916343379 -0.7886223412904039
 -0.993833031648424 -0.9889162047373758 -0.9783826932296862 -0.9571106075918259 -0.9218449716887315 -0.8525113489043274 -0.7275018641728243 -0.5365879812301415 -0.2904580188165302 -0.07650880650445351
 -0.9986117474895352 -0.9974995024644859 -0.9952575399162846 -0.9908649464886642 -0.9818795928677735 -0.9642637738536686 -0.93011263711595 -0.869893160921719 -0.75871180328461 -0.5756076020099767
 -0.992695773673934 -0.984482319032656 -0.9769685028112337 -0.9578338583853095 -0.9198825787777017 -0.858206750607919 -0.7483719312915317 -0.5662988983427533 -0.3224210010743651 -0.1039140916558801
 0.9924863645466749 -0.9950715664811218 -0.9953497382756515 -0.9933024558993045 -0.9880281793331812 -0.9772799271279085 -0.9555160697462076 -0.9130063740692513 -0.8330717926018311 -0.6927240074196387
 -1.0072525927313 -1.01502659745928 -1.028785952442323 -1.044208645891858 -1.080052805966903 -1.162165190224896 -1.351452917076199 -1.822917998775821 -3.328348803276842 -11.07777911918645
 0.9819296201375405 -0.9734120648925346 -0.9613802094919948 -0.9315549706061438 -0.8713470635190664 -0.7605460933793701 -0.5777406528381226 -0.3300377280434403 -0.09323508982807935 0.0007372768353483307
 -0.9762836772492736 -0.9630303376054402 -0.9463364408500931 -0.9052401540024563 -0.8266980714170815 -0.685151755786526 -0.469835067316922 -0.2150910749512323 -0.01915862930688241 0.002100656296954438
 -0.9775048128749423 -0.9679254085294399 -0.9437387776844441 -0.8936170578623549 -0.8181347090829001 -0.6839615426634061 -0.4762167158593075 -0.2355482489503978 -0.05798217077470308 0.0004982025648261705
 -0.9825038613447145 -0.9651843211156307 -0.9459048369517321 -0.910890017856663 -0.8384801500794578 -0.7073092455810934 -0.5171568946247814 -0.2790940162798822 -0.08583639051451193 -0.0003850604250047653
 -1.0061132939598 -1.008835202159503 -1.014021948741425 -1.026905491999486 -1.054768964102075 -1.102173559379944 -1.207749173126561 -1.453620347098864 -2.109664894075904 -4.450587481111495
 -0.9877300790548018 -0.9830844197952194 -0.9694062583304752 -0.9493169848300235 -0.9086429204050487 -0.8398544405656522 -0.7193958368556062 -0.5277447349408678 -0.284045177040539 -0.07790060516415978
 0.9948187834122454 -1.002501425694982 -1.008089206399987 -1.020671315415315 -1.039948534845226 -1.069593146434525 -1.136756413120082 -1.291054425022794 -1.664208859744097 -2.768935126371541
 0.9926891373197453 -0.9948153097550639 -0.9957533058735631 -0.9947830069837916 -0.9915876615812149 -0.9847141982386144 -0.9706065359402443 -0.942302177314264 -0.8886940461656347 -0.7893440671627495
 -1.001191922885987 -1.002404586975712 -1.004906132605591 -1.008516846446805 -1.016569203547896 -1.024996789074022 -1.046870533464733 -1.09335274810364 -1.19430682603473 -1.426497470953251
 -0.9931430948693296 -0.9859459346887492 -0.9757997330793245 -0.9597081953612412 -0.9274077975427956 -0.8632819462877792 -0.746387229012073 -0.5561760514133375 -0.3051113850706352 -0.09309298008011262
 -0.9988705843768075 -0.9974073485014766 -0.9963753485658529 -0.9934690210800886 -0.9873489485512126 -0.9752467293865961 -0.9512002110210822 -0.9048267466489524 -0.8194125794991951 -0.6712639119648164
 -1.000455487569576 -1.000412726438942 -1.001815430677078 -1.003655326233727 -1.008551524096356 -1.015963905545965 -1.028800163853219 -1.056159594474053 -1.114870093592628 -1.243463948768363
 0.9939617764590971 -1.001789809186503 -1.007761914332597 -1.014625359874387 -1.027117910817108 -1.049295386347683 -1.0974697431209 -1.198903991980479 -1.434229038121794 -2.05539623097312
 0.9559260756850124 -0.9260640072554441 -0.9240472489758177 -0.9017115245386609 -0.8390953865988511 -0.7308211251832494 -0.5508187073493742 -0.3145103856706138 -0.1057855998893704 -0.001411736523897899
 0.9924417925457019 -0.9949171404618771 -0.9950701072523636 -0.9925855546387785 -0.9871058239806059 -0.9753099686094109 -0.9567105404098353 -0.9179784764127608 -0.8438414902706473 -0.7122479506949774
 -0.9882279076273421 -0.9770921381898995 -0.9543417276971585 -0.9123368444794132 -0.8334414061787737 -0.7016235933515783 -0.4951370736788593 -0.2569289559477241 -0.07445460567617838 -7.47360550867308e-005
 0.9912990019164291 -0.9930564954084485 -0.9914129405773446 -0.9892488005213956 -0.9824819233642416 -0.9702935941419955 -0.9447861318496854 -0.8953805468312046 -0.8027576205622865 -0.6441803842982022
 -0.9992394354601059 -0.9984477631843318 -0.9975674153194564 -0.9955251775866033 -0.9914645103876506 -0.9831102840069533 -0.9665254060661566 -0.9358261634823561 -0.8765547352416279 -0.7680881702804845
 0.993578970833775 -0.9971920650437959 -0.999194656888005 -1.000810973531097 -1.002682746949344 -1.005340766834385 -1.009083239949386 -1.017432335511386 -1.034872325712499 -1.070992753285917
 -0.9983304405943872 -0.9967475204570557 -0.9948170483524483 -0.9914227174957844 -0.9831166269023698 -0.9692388308570111 -0.9419205110340507 -0.8891951605897047 -0.7914668139426186 -0.6247519700251141
 -0.9794497794674367 -0.967086856864195 -0.9386507885368999 -0.8874167059250578 -0.7906508292140734 -0.6456717656532474 -0.4302967992843246 -0.1941117734765279 -0.04206996998018922 -0.004900105181259874
 -1.000532704631615 -1.001564305332914 -1.002670281326682 -1.005873529520075 -1.011244475225355 -1.021138922327441 -1.039334182961011 -1.078851152074988 -1.161793433226137 -1.349453988595447
 -0.9803368104047393 -0.9636094118424171 -0.930757427952111 -0.8852864602750675 -0.8063067320499621 -0.6655852401530026 -0.4521843793352295 -0.2157913525424514 -0.05478907188867633 0.008213296896281887
 -0.9935816895154119 -0.9882988227843338 -0.9770251738768874 -0.9548471792040301 -0.9185002701452027 -0.8469897240542029 -0.7182499588983132 -0.5266944077135762 -0.2833279452409439 -0.07875907717230873


# name: DatT
# type: matrix
# rows: 1
# columns: 50
 6.596426010131836 6.506317138671875 6.199611902236938 6.384737968444824 6.300179004669189 6.198612928390503 6.074528932571411 6.383239030838013 6.459782123565674 6.417257070541382 6.2896728515625 6.41825795173645 6.336704969406128 6.503313064575195 6.577363967895508 6.783501148223877 6.423763036727905 6.491806983947754 6.604882955551147 6.346712827682495 6.336704015731812 6.521827936172485 6.32169508934021 6.447276830673218 6.37172794342041 5.994480133056641 6.515822172164917 6.286673784255981 6.514822959899902 6.173096179962158 6.058519124984741 6.515826940536499 6.051512956619263 6.403249025344849 6.135071039199829 6.406248092651367 6.338207960128784 6.156584024429321 6.068027973175049 6.586870193481445 6.236139059066772 6.426764011383057 6.425266027450562 6.376232147216797 6.165091991424561 6.318190097808838 6.457381963729858 6.158087015151978 6.611388921737671 6.453783988952637


