# Created by Octave 4.0.0, Sat Nov 19 22:22:36 2016 Hora est. Pacífico, Sudamérica <unknown@HEEC>
# name: DatK
# type: matrix
# rows: 1
# columns: 50
 2000 2000 2000 2000 2000 2000 2000 2000 2000 2000 2000 2000 2000 2000 2000 2000 2000 2000 2000 2000 2000 2000 2000 2000 2000 2000 2000 2000 2000 2000 2000 2000 2000 2000 2000 2000 2000 2000 2000 2000 2000 2000 2000 2000 2000 2000 2000 2000 2000 2000


# name: DatF
# type: matrix
# rows: 1
# columns: 50
 3.108624468950438e-015 3.108624468950438e-015 3.108624468950438e-015 3.108624468950438e-015 3.108624468950438e-015 3.108624468950438e-015 3.108624468950438e-015 3.108624468950438e-015 3.108624468950438e-015 1.646223633103107 3.108624468950438e-015 3.108624468950438e-015 3.108624468950438e-015 3.108624468950438e-015 1.155148502709824 3.108624468950438e-015 3.108624468950438e-015 3.108624468950438e-015 3.108624468950438e-015 3.108624468950438e-015 3.108624468950438e-015 3.108624468950438e-015 3.108624468950438e-015 3.108624468950438e-015 3.108624468950438e-015 3.108624468950438e-015 3.108624468950438e-015 3.108624468950438e-015 3.108624468950438e-015 3.108624468950438e-015 3.108624468950438e-015 3.108624468950438e-015 3.108624468950438e-015 3.108624468950438e-015 3.108624468950438e-015 3.108624468950438e-015 3.108624468950438e-015 6.661338147750939e-015 3.108624468950438e-015 3.108624468950438e-015 3.108624468950438e-015 3.108624468950438e-015 3.108624468950438e-015 3.108624468950438e-015 3.108624468950438e-015 3.108624468950438e-015 3.108624468950438e-015 3.108624468950438e-015 3.108624468950438e-015 3.108624468950438e-015


# name: DatP
# type: matrix
# rows: 50
# columns: 10
 -8.485519496551619e-016 2.375140696256263e-015 6.881170750508397e-016 -7.408575345579776e-016 -5.534469696585417e-016 6.11682261962402e-016 1.010887813620735e-015 3.424343730442755e-016 1.193044190856619e-015 -2.856500342085029e-015
 8.093538269161362e-016 8.003099189762172e-017 -2.484725663223938e-015 -4.700174039934044e-016 -2.407000098808877e-016 1.12308014217201e-015 6.785158400298751e-016 2.190297253037017e-015 -1.039385515077595e-015 1.417755844411061e-015
 6.864595026706787e-016 -1.612736912372746e-015 -2.259137246425265e-015 1.687975345624539e-016 7.778680938236148e-016 1.692213139867258e-015 1.524934330377924e-015 -7.519336209759187e-016 5.38331926988065e-017 -1.463595774799559e-015
 1.59256470922374e-015 1.5699018937829e-015 -4.672807871099038e-016 9.80862647807893e-016 3.98402924903718e-016 -2.384615510220822e-016 -1.72818527226581e-015 2.446238916175188e-015 -1.503026111706714e-015 1.006410333964283e-015
 3.00489316038662e-016 4.466211010513346e-016 -3.607857553778881e-018 -1.800799668723632e-015 1.45491521490975e-015 2.991072042322615e-015 -5.116511711723044e-016 9.431762733418064e-016 -1.552390471828873e-015 -3.527129367273855e-016
 9.532426118903265e-016 1.22208750237101e-015 5.247908410805117e-016 8.390555230501752e-016 9.636395855058915e-016 -1.274216702731323e-015 -1.506983355985026e-015 -1.062130550644427e-015 -1.302252717230937e-016 2.746179232684364e-015
 -1.401554699704445e-015 2.035414293551191e-015 7.149947838494636e-016 6.048707039082019e-016 2.374701509600064e-015 1.332582184872797e-015 -2.937737178702719e-016 -5.532492040562061e-016 3.114115163710974e-016 2.388606195698424e-017
 -1.977148651889949e-015 -3.055445644119253e-016 7.654575028582908e-016 1.228343944618844e-015 2.988230391388296e-016 -9.498339297265137e-016 -6.726788508581327e-017 2.575187682965525e-015 1.532902022246807e-015 -5.079087488862129e-017
 2.367148574341354e-015 4.39116972447716e-017 1.524048301627919e-015 1.31185012933842e-015 -3.469832258685576e-016 -2.393758687817594e-015 -4.469760337462381e-016 6.202681157401186e-016 -2.333232766219594e-016 -9.286603342005983e-016
 -1.647122018368813e-009 -4.979758392168289e-009 -5.14424402846562e-009 -4.107953145686693e-010 -0.9175371021842149 -1.316108284160741e-009 5.024563757332346e-009 -1.466506338799919e-009 -4.633323813063689e-009 0.9175371086640862
 1.206542825127612e-015 2.279135972924848e-015 7.444642961981508e-016 8.11730128051625e-016 -8.912222873679191e-016 1.378954552210084e-015 1.629638013641078e-015 -1.373249065890806e-015 -1.044387977055358e-015 -9.797905080727538e-016
 -1.286074369364717e-015 -5.741625186439533e-016 5.594712812202029e-016 -1.843656920180275e-015 -1.79594853808242e-015 -2.005054725467575e-015 -8.507011753325573e-016 -3.248707106811637e-016 -1.491419681365063e-015 -1.552997234916913e-015
 -1.363706086951076e-015 1.754756092875718e-016 1.81334625258307e-015 -1.027402096037504e-015 1.042086840049073e-015 -9.971068152286063e-016 1.450857688948032e-015 5.898194915648102e-016 4.348799072133927e-016 2.476796259543862e-015
 9.288813520417242e-016 3.798101917958601e-015 9.503389176388133e-016 1.635338897926039e-016 -4.180772053015975e-016 -4.700655061206954e-016 5.664270317961804e-017 -7.468766418553403e-016 1.243972339737998e-015 -1.942238821461439e-017
 1.876117345384093e-009 4.482343262101835e-009 -8.937563639440281e-011 -0.8714068176278539 -3.092071080230272e-009 3.678672472450066e-009 7.038065649445935e-010 7.798727051834874e-009 -2.982614679035335e-009 -1.962568150670508e-010
 8.910255857031711e-016 -2.133952165319394e-015 -8.495751432790506e-016 -1.898850503633202e-015 2.294912375934375e-015 -3.06466499473492e-016 1.263383067460219e-015 -1.712531475330481e-016 2.552730969101822e-016 8.000729749661203e-017
 -1.699223746896651e-015 -3.907439613993836e-016 -2.864468743106376e-016 7.214981935382785e-016 -2.06470534942773e-015 -2.445002474312849e-015 -4.105393494032122e-016 -1.034897659606522e-015 -1.356655010770478e-015 -6.037966118588212e-016
 -6.307271604482546e-016 8.47288047764509e-016 1.252306527314802e-015 2.87593792456436e-015 5.047198761140578e-016 1.644215757420685e-015 3.016065740767891e-016 -1.810075830463109e-015 1.317668542686395e-016 4.853101598875396e-016
 -1.89557824262229e-015 -2.37656257492306e-015 -1.786260976565879e-017 -1.573377748326838e-015 -8.239158927499825e-016 -2.301407283386551e-016 -8.208481303482514e-016 1.648458752199712e-015 8.245553553572903e-016 -5.793552319909969e-016
 1.870803333269321e-016 -9.196353407277375e-016 1.813935685314598e-016 -3.365105634572334e-016 -1.146550691546998e-015 1.000909336135169e-015 1.332647214111348e-015 9.649765873000379e-016 1.989222737936959e-015 5.654722874391431e-016
 -2.154907620552044e-015 -6.187814177773944e-016 1.289075601850808e-015 -2.608855257512728e-015 -9.301345145391654e-016 -5.973204902191258e-016 1.376194923704564e-015 6.410692698600082e-016 1.978542164770878e-016 1.012600273873763e-016
 -1.733473736769983e-015 -1.082687648043872e-015 -1.642937502827955e-015 1.115087007422935e-015 3.563362623614051e-016 1.411264634479831e-015 -5.561703161168291e-016 1.947121079585164e-015 9.654076278504105e-016 1.297801195954007e-015
 1.297179164959303e-015 1.895681946631575e-015 3.936830287985869e-016 -2.803405804004321e-015 -2.012933814847014e-016 2.21602751725935e-016 -1.619995438130256e-015 -1.311859116840415e-015 -6.859458882383245e-016 4.787505831658371e-016
 -2.259712976487964e-015 -1.520817081622e-015 -2.112941077140378e-015 2.366855965157392e-015 -1.819737565754e-016 6.644354826145574e-016 -1.134745450333647e-017 -5.332558977879455e-016 -1.023746999181588e-016 -8.706931226925675e-016
 -5.45442361186862e-016 -1.309125965524575e-015 -5.527110984883364e-016 -4.064933694434693e-016 1.28786370035712e-015 2.649421632579147e-015 2.128437110906016e-016 2.583415715489338e-017 4.991270913124244e-016 8.313939503444704e-016
 -1.040789031551375e-015 9.734252294061045e-016 -6.495942051716005e-016 6.711714728836047e-017 -1.862898244160932e-016 -6.257628964864835e-016 1.085818607270224e-015 2.737454621610324e-015 -1.25567597514871e-015 -1.701405940227974e-015
 1.579055387070935e-016 1.451048888317436e-015 -1.243347175458667e-015 1.812397801416914e-015 1.517025188970012e-015 9.352320204566732e-016 2.204836939152471e-015 3.125723668203011e-016 4.02960260573372e-016 -1.800894860417154e-015
 1.324843663984094e-015 2.404499698486126e-015 -2.180559505545193e-016 1.950106568034078e-015 6.916930329600024e-016 5.275815377554567e-016 -1.339700303762825e-015 -1.346620443933349e-016 1.637779783353575e-016 -2.69923840869785e-016
 -1.138428948668738e-015 -1.406665342740745e-015 -1.911363254723376e-015 1.007097880336097e-015 4.081824310091762e-018 -1.564281318029112e-015 -1.489218902350773e-015 -1.94205757092906e-015 1.272972755109998e-015 8.751654703048738e-016
 -7.627999714786627e-016 2.54063855064204e-015 -8.990058618019969e-016 5.617134302447634e-016 4.644028014752443e-016 1.673206920561967e-016 7.956673510139328e-017 -1.811706241572295e-015 5.816091670759783e-016 -8.085089988118963e-016
 1.452679904345651e-015 -3.37049990449074e-015 1.152544276928253e-016 1.162044913258704e-015 -6.707199392261547e-016 -3.219465078433628e-016 -4.410063158305012e-018 8.160598045068305e-016 -9.669342212919366e-016 1.305440655519067e-015
 1.126657262881868e-015 1.910205252840469e-015 1.013713867108606e-015 1.979543351266474e-015 1.225766643573188e-015 -8.707546055132149e-016 1.313149663901637e-015 1.216888929969871e-015 1.223518414631783e-015 6.599281274773713e-017
 -1.432374678415748e-015 -5.682625320540958e-016 2.066069786074373e-015 -2.596127329826256e-016 3.46479091448877e-016 -1.327325218580532e-015 1.878241693486492e-015 1.715816873222779e-015 1.356746932991642e-015 -1.401973000800738e-015
 -2.9755112205557e-016 1.353226049643982e-015 2.615972360038131e-016 -1.126936616015333e-015 2.791971289722023e-015 4.286291125700807e-016 -2.17095141036442e-015 -4.629148256425838e-016 -7.171709439158502e-016 -6.259002795312708e-016
 3.574469341668328e-016 -2.031036929951364e-015 -1.889364442151209e-015 -7.310881476683276e-016 -2.318656253379176e-016 -1.584829549526344e-015 -8.42676720292309e-016 -1.827183652316456e-015 -1.648455603351201e-015 -7.808942587682793e-016
 -1.342400623593181e-015 2.657466085753481e-015 -7.123851684620863e-016 7.907916183102993e-017 1.008644898819427e-015 -1.684605194617603e-016 -1.293282243717457e-015 2.299874669734096e-015 -8.303714715132788e-016 7.094378597859137e-016
 2.040054903758813e-015 -2.47411174592589e-015 4.608778180913055e-016 5.095304652189652e-016 -1.140120084117698e-015 -1.401998554011162e-015 5.935230928944836e-016 8.730821896387616e-016 -6.257659687344913e-016 -1.537158162989964e-015
 -9.588346878200322e-016 3.269804256864113e-015 1.501866401833805e-015 -4.614834046146079e-016 3.860868288436899e-015 1.406148850447886e-015 -4.492275366496814e-015 -1.361885866844642e-015 -3.030576440966633e-015 -1.123684028613517e-017
 -8.308032237085321e-016 1.423673735368334e-015 1.315177684687776e-015 2.413401720381383e-015 -9.112922307686744e-016 3.234079263860991e-016 1.099775100258032e-015 1.627260468761514e-015 9.484397589723707e-016 -1.147804132440988e-015
 -2.679809448036282e-016 4.985859284320028e-016 1.431283242583772e-016 -2.543948441612527e-016 -2.061961169383233e-015 3.222914757239568e-015 -1.963854113201355e-015 1.364977052190313e-016 -4.595727074918128e-016 -3.028175567331969e-016
 9.812983830105037e-016 -1.801335048895574e-016 2.090482864166712e-016 7.624179905083895e-016 1.535483930748549e-015 2.6758584236069e-015 9.621202762460246e-016 -1.059038058697421e-015 -2.00593396109395e-016 -2.914059900501894e-016
 2.446747189334716e-015 7.900190004560173e-016 -9.866450537673347e-016 1.736343134942658e-015 -9.942418939628554e-017 -5.34026488446067e-016 2.356265086805323e-015 3.990236504963834e-016 1.426155575762906e-015 6.183318896081189e-016
 -3.394705059987996e-015 -1.732940274652579e-015 -1.244075427792342e-015 -4.706351506878846e-016 -2.166845209281338e-016 1.000341996541074e-015 -7.26034470267515e-019 9.074786781157099e-017 1.585969019327921e-016 1.866068788029603e-016
 -2.049488844703538e-015 -2.509210917284621e-016 -4.825302224964184e-016 2.156358993381726e-015 4.647101198269693e-017 6.521877063643675e-016 -1.727750875916496e-015 9.553326205512093e-016 1.405999667581653e-015 4.313025995616655e-016
 1.40676940951335e-015 -8.896221597519773e-017 2.570807977618756e-015 4.797642533987515e-016 1.050593304345232e-015 -1.579896359815056e-015 5.676331146798056e-016 -4.600132522442942e-016 -2.493836407524086e-015 2.468276053065033e-016
 -1.490718142543854e-015 -8.047203414990975e-016 -7.745577023100742e-016 -1.364837457337567e-016 -5.320275904518944e-016 1.948841684060821e-015 1.146543262204344e-015 -2.551191694835673e-015 -6.017447306877953e-016 -2.135040768841742e-016
 -4.918486441707888e-017 2.570735490333805e-016 -1.02632446740241e-015 1.488485868704396e-015 -5.44599391677684e-016 2.436229485171008e-015 1.376236059983151e-015 8.399288212080593e-016 -1.845056378694118e-015 -1.829543842497579e-015
 2.85603477782223e-015 6.540956244566026e-016 -3.993409349267262e-016 -1.30450295066228e-015 -1.629127171562891e-015 -1.944850385666039e-016 -1.235638685451731e-015 -1.047566792161996e-015 -1.564321929924362e-015 -7.735774931377123e-017
 1.560338577264404e-015 1.171446252630722e-015 -8.947280088266958e-016 1.77521998097547e-016 3.10622045102924e-016 -2.18913554000639e-015 -9.633386774857712e-017 9.108975902812978e-016 1.716393084207422e-015 1.252385984898974e-015
 -7.728348086738192e-016 -1.857422409440771e-015 1.712222028468829e-015 1.330023150431908e-015 1.956979269383009e-015 -8.29087066991289e-016 1.037730041411738e-015 1.679111976819411e-015 6.936194457571745e-016 -1.222508555649997e-015


# name: DatT
# type: matrix
# rows: 1
# columns: 50
 7.531997919082642 7.544086933135986 7.527493953704834 7.538002014160156 7.582033157348633 7.525492906570435 7.50197696685791 7.555102109909058 7.563018083572388 7.510983943939209 7.540008068084717 7.547508001327515 7.595539093017578 7.542003154754639 7.491469860076904 7.560015916824341 7.536998987197876 7.585032939910889 7.553510904312134 7.531499147415161 7.578529119491577 7.529995918273926 7.52348804473877 7.57452917098999 7.543504953384399 7.565021991729736 7.514986991882324 7.532997131347656 7.555513143539429 7.530497074127197 7.540502071380615 7.5605149269104 7.536499977111816 7.567022800445557 7.52549409866333 7.518990039825439 7.576526165008545 7.514986991882324 8.000308990478516 7.563016176223755 7.533500909805298 7.584531784057617 7.546509027481079 7.523491144180298 7.563017845153809 7.529999017715454 7.520488977432251 7.592535018920898 7.543004989624023 7.567522048950195


