# Created by Octave 4.0.0, Sat Nov 19 21:16:03 2016 Hora est. Pacífico, Sudamérica <unknown@HEEC>
# name: DatK
# type: matrix
# rows: 1
# columns: 50
 2000 2000 2000 2000 2000 2000 2000 2000 2000 2000 2000 2000 2000 2000 2000 2000 2000 2000 2000 2000 2000 2000 2000 2000 2000 2000 2000 2000 2000 2000 2000 2000 2000 2000 2000 2000 2000 2000 2000 2000 2000 2000 2000 2000 2000 2000 2000 2000 2000 2000


# name: DatF
# type: matrix
# rows: 1
# columns: 50
 0.0007510949243609935 8.036643567891979 0.5411283348730471 4.048901647527206 0.05445555338815052 150.4253204546749 0.1030693133141857 38.15997957164183 0.04506413478678839 0.04977547732103819 0.5364511170999906 0.002614666619151509 0.1218117925068416 0.06991966047221201 14.07451526321938 0.1119394755441805 0.03867117846341343 3.998670612597611 4.102954067214509 0.05269083031928887 4.025710686299069 0.06677654040860112 0.08105437280364244 0.06494839038702402 0.07033994951684118 5.996920542305221 0.04651737383365687 0.00244037085351679 0.03286729189221189 0.01621637787304369 0.3475511332127779 0.07435920404939902 0.05226884557845544 6.684993033081373 0.1693588017039759 0.1819393938731077 0.7527488191403573 0.03036448255003583 0.2786017642442227 0.094221957425763 0.05183575706441258 0.2223491363785845 4.049867281377109 3.989686665666468 0.04486218388156196 4.420192961431071 0.0477679398603902 4.088250299563034 0.06075744580660747 4.096830473574827


# name: DatP
# type: matrix
# rows: 50
# columns: 10
 -0.9998949497174742 -0.999788754147947 -0.9996405362525356 -0.9992443403506371 -0.9984995928171154 -0.9969795071059447 -0.9940177074861207 -0.9880540983578429 -0.9763875740242354 -0.9533763955724747
 0.9972561761182147 -1.014170152814309 -1.018202596220042 -1.02933587707259 -1.074041424120416 -1.156234857905361 -1.307367744839038 -1.665276465838399 -2.74669415679797 -7.54020970737771
 -1.002747725745864 -1.007489628471537 -1.011720245913683 -1.019581126438167 -1.034988272935426 -1.066126221966335 -1.131543089021253 -1.284053278638014 -1.651219371572395 -2.724047951529784
 0.9918125030057358 -0.9949839118257627 -0.9941550591700804 -0.9898599159887412 -0.9804555279016889 -0.9684874715992243 -0.9424422050963754 -0.8910605164546327 -0.7953602452569662 -0.6318845975873205
 -0.9974361624334773 -0.9960473339983713 -0.9925208074999762 -0.9877196833395369 -0.9844536847808737 -0.9745568779767446 -0.9527888995539023 -0.9089874338183823 -0.826394780745025 -0.6831932805871714
 -0.4782286472419077 -0.242208585033183 -0.03045965122045053 0.7112368467107189 -1.011184512228945 -1.287509762334497 -1.718460687367682 -2.934709898617512 -8.582960435751442 -73.66273712577178
 -0.9970525732380184 -0.9961580365807949 -0.9937704401281295 -0.9877260344916321 -0.9761389050022031 -0.960108873891645 -0.9262662392984307 -0.8603983390702493 -0.7407845637004035 -0.5480770676539624
 -1.005081396804124 -1.015985551182715 -1.02927418553603 -1.047098353794381 -1.120777188155521 -1.274836089167755 -1.620091759498405 -2.630357522783626 -6.90656274033807 -47.70509324119244
 -0.9984596270627917 -0.9973566119560904 -0.9954311197829957 -0.9911453519276965 -0.9872857185144495 -0.9754471367758504 -0.952163690938501 -0.9082740493936363 -0.825384594931722 -0.6801801832112288
 -0.9996397293835424 -0.9990611536291357 -0.9968750501145908 -0.9933484030450762 -0.9868053120462633 -0.9721029250386471 -0.948360497438129 -0.9028375743671996 -0.8174189142551469 -0.6679830387825906
 -0.9962273019544609 -0.9942229899049891 -0.9832722824134704 -0.968570557748585 -0.9424829663258608 -0.8917007977239459 -0.8002893327239248 -0.641721113984031 -0.4178253216753669 -0.1755079514483355
 -1.000378911032479 -1.000422270110052 -1.000752125220771 -1.001464306667343 -1.002703777599114 -1.005416912800166 -1.010855349907958 -1.021940923476881 -1.0441698575069 -1.090442683500525
 -0.9957136922752912 -0.99196637442394 -0.9910122285473126 -0.9859030355584131 -0.9747747954189233 -0.957247266825625 -0.9210457614260472 -0.8510176546109673 -0.7257104541401453 -0.5265063242278624
 -0.998445755360446 -0.9981031607349293 -0.9959669978585886 -0.9904719652735379 -0.9830176443853315 -0.9674145666652719 -0.937528355451975 -0.883323969952486 -0.7815628731806834 -0.6108927439179681
 0.9996073760713537 -1.001375463329587 -1.022109203518738 -1.050134109319878 -1.095768561074369 -1.193914752747071 -1.413007385750597 -1.993598922767255 -3.965047359874915 -15.72537607038455
 -0.9969185555189221 -0.9953724353728574 -0.9918181227166892 -0.9873229812358438 -0.9774530670496696 -0.9579926775154392 -0.9208516058915304 -0.8501396221211295 -0.7245492416808901 -0.5244112665157495
 -0.9995322211843648 -0.9978372303953799 -0.9968364881107187 -0.9937075200389887 -0.9882339924981374 -0.9768377227197762 -0.9550058901334281 -0.9126066702090289 -0.8332463829012579 -0.6939686314449529
 0.9930765140355368 -0.9955338143273271 -0.9964904950545197 -0.9959935997005765 -0.9925982175062512 -0.9864991142719466 -0.9738235454469054 -0.9486932309093534 -0.9003728095594039 -0.8107424563980421
 0.9908223398535992 -0.9934193312178914 -0.9918698966013888 -0.9874116492869521 -0.9775543724070792 -0.9571896393088604 -0.9165131354997685 -0.8405063096904782 -0.7078413849073778 -0.4985545699670466
 -0.9976289707372706 -0.9974114556869424 -0.9935068703976563 -0.9908519099506132 -0.9848861311707691 -0.9718958886277105 -0.9489881509099382 -0.9034588758552866 -0.8179219258250813 -0.6692788041353472
 0.9936781307020389 -0.9978680970736387 -1.000918127071465 -1.003785360721459 -1.009712584706591 -1.019844803513196 -1.039646040109833 -1.080542046556769 -1.165241441113398 -1.357285572956714
 -0.9981915539150124 -0.9975342221000493 -0.996155478564962 -0.9915442007320593 -0.983382740697564 -0.9686050466625309 -0.9390989831517694 -0.8846210531144226 -0.7846935668799202 -0.6143083390425256
 -0.9979256183570643 -0.9968754898363408 -0.9942200533657365 -0.9892978190711795 -0.9819542665587873 -0.9653541320395943 -0.9325747525958274 -0.8728515931369869 -0.7632929989128903 -0.582308070324939
 -0.9969480314103309 -0.9945608940589563 -0.989063510214564 -0.9894592691740927 -0.9849258318540036 -0.9730259784974776 -0.9493852085998747 -0.9032546969880825 -0.8166157101199937 -0.665825512731283
 -0.9943677914105855 -0.9897682703657457 -0.992668292307827 -0.9912579901016667 -0.9857022373379049 -0.9737524611672853 -0.949275985230808 -0.9014742870636279 -0.8137325391916608 -0.6617269065923302
 0.9971501396783294 -1.003357959583219 -1.012376396572329 -1.026053945991676 -1.053151970697819 -1.109980545037927 -1.230105144304407 -1.512918589368488 -2.290104388443031 -5.244132895972124
 -0.9991654454028972 -0.9981567650374785 -0.9968006263631838 -0.9937066036545924 -0.9871874506773365 -0.9745625492169736 -0.9500187317325399 -0.9032693799373266 -0.8165264120101344 -0.6666419195827414
 -0.999600240609135 -0.9995428925724479 -0.9992294974537922 -0.9985845624689451 -0.9973048655075047 -0.9946340272554909 -0.989251000882208 -0.9785686838665866 -0.9575118366989395 -0.9166574440415318
 -0.998951121603078 -0.9983365575987048 -0.9970611090615105 -0.9941548495432666 -0.9883594684512842 -0.976938498479872 -0.9602793061935041 -0.9249630415305646 -0.8567101348134807 -0.7338975665539101
 -0.9993680419528138 -0.9984430453853479 -0.9969784670863301 -0.9956505089483226 -0.9927142891051035 -0.9852565243268091 -0.9716447287420218 -0.9448140634792869 -0.8931718638762116 -0.7977008708399597
 -0.9986754815296174 -0.9941143056683142 -0.9870209925617344 -0.9769506420206028 -0.9587659604569693 -0.9192975867375175 -0.8465110304745478 -0.7195961673670913 -0.5196819076782044 -0.2721329552708915
 -0.9989784165129209 -0.9981973835946213 -0.9960015912690975 -0.9916607078090246 -0.9837423598997407 -0.9677787010780035 -0.9359004054947218 -0.8762162624155403 -0.7695708205854207 -0.5920427606244921
 -0.9997598885607651 -0.9990796633081868 -0.9967582968921798 -0.9924911577311498 -0.9856465524175535 -0.972700423785818 -0.9466988286971552 -0.8980659203216811 -0.8075937276553532 -0.6518290912691134
 -1.008226495695944 -1.012568917566712 -1.018263407534907 -1.040792416138282 -1.078831113311703 -1.167437086761093 -1.360391921464614 -1.846115286032188 -3.405506827089271 -11.60146693941797
 -0.9851249806738369 -0.9869930190232653 -0.9879731086953061 -0.984974967578355 -0.9756674847574303 -0.9572809378816173 -0.9208056237152147 -0.8537822245674868 -0.7315757047308197 -0.5365713678693733
 -0.9970173740992235 -0.9944614802785253 -0.9920642272107291 -0.9855270968036894 -0.9719256610553904 -0.9464845585758856 -0.8965620542289826 -0.8038431404280569 -0.6449951393633986 -0.4128054999860931
 -0.9916998575923262 -0.9848181619509975 -0.9761503168444402 -0.9585003159154397 -0.9220447406114461 -0.8630154260104002 -0.7531553789679274 -0.5735206485327409 -0.3328093958806401 -0.1105417873003905
 -0.9983834559638513 -0.9975993880197073 -0.9960150205200622 -0.9943713900536101 -0.9894053178803384 -0.9792812834354419 -0.9611092843476698 -0.9240576951415245 -0.8541873203997512 -0.7290911756326738
 -0.9962901947899179 -0.9921822897747865 -0.9891195314745066 -0.9804269092504702 -0.9621499915894883 -0.9287736463073878 -0.8643734893073769 -0.7563218944314778 -0.5764388265043439 -0.3322887553866728
 -0.9974933546517452 -0.9960161055924598 -0.9930799439596637 -0.9873028449560203 -0.9781560033337288 -0.9629081635694881 -0.9295077872294623 -0.8651918103963545 -0.7497829055687265 -0.5603561251415455
 -0.9991338064243257 -0.9979690744164293 -0.9960615294831775 -0.9931855319778428 -0.9842270186529812 -0.9718736920317789 -0.9489505382939863 -0.9018166495587567 -0.8141782850416193 -0.6641030507402907
 -0.9983807842369929 -0.9971075814667489 -0.9921768691815026 -0.9846308823123539 -0.96932057737737 -0.9389574232472275 -0.8828910788967042 -0.7796576203826803 -0.6071109901878832 -0.3678565616202187
 0.9943265947099581 -0.9984218804942504 -1.001552465210409 -1.005901361202649 -1.012439251565788 -1.025230594172079 -1.05075936693754 -1.1019226191051 -1.213690969650984 -1.473683298150119
 0.9930630126923431 -0.9959161708301986 -0.9968681576225201 -0.9969763594592738 -0.9959889991654137 -0.9929077612482471 -0.986475890978577 -0.973185093453843 -0.94711890340241 -0.8969427694248064
 -1.001692175571378 -1.002316703616751 -1.004288443630136 -1.007244967058417 -1.012882733321667 -1.022316729001839 -1.042328697124131 -1.085973526583396 -1.179532456554993 -1.391208244454467
 0.9877276941885416 -0.9854356960716927 -0.9770780204506714 -0.9699655176486289 -0.9510081222616472 -0.9087888517157261 -0.8287796452723978 -0.6861002007939794 -0.4718328814704672 -0.2234603938578009
 -0.9987185921278294 -0.9978113377556773 -0.9958476616493376 -0.9924522540722527 -0.9866760650809878 -0.9742016966234581 -0.9499677778136035 -0.9024794176012987 -0.8147178966770876 -0.6638894802676962
 0.9917017211036139 -0.9933166426862935 -0.9926566027050349 -0.9874264244625975 -0.9759670291185247 -0.9586236334684608 -0.9239466819073393 -0.8550963668239232 -0.7322441084733501 -0.5367924207813508
 -0.9990852250421018 -0.9984091276949313 -0.9956318545615225 -0.9916903537978855 -0.9832760001074928 -0.9700202583193626 -0.9430555852834428 -0.890870900572259 -0.794119729809174 -0.6298160124255182
 0.9914710879237406 -0.9934982229213909 -0.9915665291279033 -0.9856052357371844 -0.9773175028446658 -0.9581962382930239 -0.9187392298472682 -0.8468397081350043 -0.7185796218845384 -0.5164899629815717


# name: DatT
# type: matrix
# rows: 1
# columns: 50
 6.3802330493927 6.019021034240723 6.018492937088013 6.111057996749878 6.11205792427063 5.916927099227905 6.139573097229004 5.967962026596069 6.096168041229248 6.191610097885132 6.128566026687622 6.140573978424072 6.203117847442627 6.161087036132812 6.034505844116211 6.180102825164795 6.156586885452271 6.183603048324585 6.20511794090271 6.235140085220337 6.102051019668579 6.147581815719604 6.237639904022217 6.152581930160522 6.132570028305054 6.052057027816772 6.168093919754028 6.14707612991333 6.166593074798584 6.141576051712036 6.187107086181641 6.174599170684814 6.169595956802368 6.012990951538086 6.137574911117554 6.184603929519653 6.144577026367188 6.130066871643066 6.212121963500977 6.151581048965454 6.162086963653564 6.156086921691895 6.099045038223267 6.142078161239624 6.099545001983643 6.153084993362427 6.128067970275879 6.172599077224731 6.151083946228027 6.18610405921936


