# Created by Octave 4.0.0, Sat Nov 19 21:55:03 2016 Hora est. Pacífico, Sudamérica <unknown@HEEC>
# name: DatK
# type: matrix
# rows: 1
# columns: 50
 2000 2000 2000 2000 2000 2000 2000 2000 2000 2000 2000 2000 2000 2000 2000 2000 2000 2000 2000 2000 2000 2000 2000 2000 2000 2000 2000 2000 2000 2000 2000 2000 2000 2000 2000 2000 2000 2000 2000 2000 2000 2000 2000 2000 2000 2000 2000 2000 2000 2000


# name: DatF
# type: matrix
# rows: 1
# columns: 50
 5.969749304740666 5.969754342559741 2.984877171279869 4.974795285466449 7.959667418927246 2.984877171279869 6.964708361833956 8.954626476020538 11.93949860948134 5.969749304740667 4.974795285466451 7.959667418927246 11.93949860948134 1.98991811418658 3.979836228373161 10.94453955238805 4.974795285466449 12.93445766657463 6.964708361833956 5.969749304740666 11.93949860948133 9.949580495294754 6.964713399653032 5.969754342559742 2.984877171279869 10.94453955238804 6.964708361833956 7.959667418927247 2.984877171279869 5.969749304740666 13.92941168584884 8.954626476020538 0 10.94453955238804 4.974795285466451 3.979836228373161 9.949580495294752 7.959667418927246 5.969754342559742 4.974795285466453 6.964713399653032 5.969754342559742 9.949580495294754 5.969754342559739 3.979836228373161 11.93949860948133 4.974795285466451 11.93949860948133 8.95462647602054 6.964708361833956


# name: DatP
# type: matrix
# rows: 50
# columns: 10
 -7.344086504130617e-010 1.989912234666766 -0.9949586379258504 0.9949586381048878 7.510912749680162e-010 -6.446209848418306e-010 1.498232840836921e-009 4.425584280287753e-010 1.448096663780148e-009 2.720682445844173e-010
 -0.9949586381622586 -2.916978137253638e-010 3.292740985510987e-010 0.99495863851438 -6.81742938522507e-010 0.9949586395054006 -7.963150320586534e-010 -0.9949586384148704 0.9949586381153143 0.9949586382783229
 1.619364763432923e-009 7.981601300108767e-011 9.976207834665227e-010 -0.9949586382426531 8.914456883528428e-010 1.159712246773328e-009 -5.864447577121131e-010 0.9949586377827941 -0.9949586379716716 -1.194986177967229e-009
 -0.9949586363301827 -1.422949937469222e-011 -7.114669784263308e-010 5.957214062382961e-010 0.9949586378297848 5.616908326935097e-010 -0.9949586381710174 -0.9949586371009171 -1.247208278926908e-009 -0.9949586380779359
 -1.184952257702323e-009 -0.9949586383263149 -0.9949586370579016 0.9949586376828079 -1.218450235039276e-009 -1.030436500806355e-009 -0.9949586362356213 -5.686415637286564e-011 1.989912232330085 1.442086827728527e-009
 4.248601560719633e-011 8.288607207320071e-010 9.560606746799321e-010 -2.038179287724262e-010 1.197548315760199e-009 0.9949586375208911 -1.278254103913495e-009 0.9949586374259691 -0.9949586379246648 -1.466569711918121e-009
 -5.874365436592923e-010 -6.246905472437407e-010 -6.310167224328943e-011 0.9949586363750176 1.989912232965093 9.698540492733129e-010 9.919711422542576e-010 -0.9949586367567556 0.9949586379987038 8.350148386067636e-010
 -0.9949586382646594 1.989912233693856 -1.013815986030117e-009 -0.9949586376744231 -1.537770321059734e-009 -1.025941673455255e-009 0.9949586365581354 -0.9949586374366446 6.382133028560094e-010 -0.994958635835285
 1.268578872798332e-009 0.9949586364260248 1.989912231843545 -0.9949586364524351 7.732706575214304e-010 1.989912234371968 -6.795577076360416e-010 -0.9949586374924112 6.660372030911411e-010 0.9949586375862325
 1.352965018094879e-009 -0.9949586375465646 -4.988027874667821e-010 -0.9949586382604372 1.98991223361726 -1.029845932570638e-009 5.594602946618204e-010 -3.710736529537417e-010 1.311448762420478e-009 -1.099331916807547e-009
 0.9949586372874868 1.391804547612385e-009 0.9949586370152661 -0.9949586371093315 -9.504013339657544e-010 1.32197813758853e-009 -1.289326906070052e-009 -3.220393719218067e-009 0.9949586384838104 -0.9949586384709397
 -3.171013320427328e-010 -5.688745976422917e-010 1.989912233561185 -3.795742790696855e-011 0.9949586385990747 7.202906513802573e-010 -9.412171883275829e-010 -0.9949586363880015 0.9949586376971729 -0.9949586386460564
 0.9949586360613842 1.989912234081062 -1.813641198523948e-010 0.9949586378817681 -1.989912233193696 -4.952592008437427e-010 1.107225258061502e-009 -0.9949586369520683 2.005691843320704e-010 0.9949586359715915
 0.994958637558631 1.133980440892648e-010 7.363069135984948e-010 8.83575542308884e-010 -7.604073149138223e-010 0.9949586381945484 -2.399905380243572e-010 1.47842250769327e-009 -6.016249675457302e-010 1.528527682382973e-009
 7.8547662299678e-010 -2.68688836334145e-010 0.9949586360040399 0.9949586389369475 0.9949586365020475 1.500958074470882e-009 1.449794834430804e-009 2.267923032671758e-010 -0.9949586374409738 1.09267782397011e-009
 -1.989912232593553 -1.98991223477554 0.9949586373315719 1.918372215727427e-010 -8.385048175537873e-010 1.22909060842416e-009 -1.629428906994513e-009 -0.9949586351994451 -0.9949586388380343 -6.503686169593855e-010
 0.9949586388852079 0.9949586366204863 -0.9949586377980573 0.9949586381500047 -9.2831984918333e-010 4.9230867598387e-010 0.9949586379926405 -2.280329147297341e-010 -7.633820156040245e-010 9.759508165936703e-010
 -0.9949586387146214 0.9949586375679863 -1.989912231638977 0.9949586362779494 -0.9949586376605246 0.9949586388899218 1.989912233804844 7.137824814216002e-011 1.582953968124268e-009 -1.427790577258085e-009
 7.973337403009432e-012 0.9949586389028354 5.005135121225428e-010 1.332105563919611e-009 -1.989912233859802 -0.9949586379364777 -2.302507834873867e-010 -0.9949586377739984 8.793504496831739e-010 -1.52011919903818e-009
 -1.180497122329689e-009 4.62435469977077e-010 1.011840282301735e-009 -1.989912233278697 -3.6098458566191e-010 0.9949586379859187 1.036533945172279e-010 -5.327592902442653e-010 2.207203604436788e-010 -0.9949586379212156
 -0.9949586377192318 -1.989912233754753 -1.595894536738209e-009 -0.9949586372372218 -1.989912234863551 -8.263473736908481e-010 1.487719220381789e-009 -0.994958637462784 -0.9949586384845263 -1.114046077859488e-009
 -2.066477983360941e-010 -1.989912234376765 -0.9949586377089767 1.989912235353754 9.565379585625045e-011 1.571321729954495e-009 -1.192790681389077e-009 -1.025896554477664e-009 0.9949586367937748 -9.386783152278702e-010
 -0.9949586389991034 0.9949586392044359 -0.9949586363896396 -0.9949586381423099 0.9949586386729271 -0.9949586379637356 -9.437663607398449e-010 1.442262037888607e-009 -1.282581253524176e-009 -0.9949586371761966
 0.994958640149879 1.390764066472984e-009 0.9949586376079675 -4.061865815102683e-010 0.9949586388772005 8.089965836492856e-011 0.9949586385134248 0.9949586363794292 0.9949586376642333 1.170525642083676e-009
 -1.435817601095914e-011 -0.9949586370108726 -7.932925586163751e-010 -1.419078907074339e-009 7.182470165895317e-010 0.9949586365822306 3.783371946464822e-010 -2.488870331921398e-010 -0.9949586376865902 5.530739371965695e-010
 6.288528629160549e-010 -1.989912232827596 4.72899050756725e-010 -8.258913824053222e-010 8.308737316797138e-010 -0.994958637028329 1.531285930805587e-009 0.9949586377336683 -0.9949586376404629 -1.989912235136647
 0.99495863713384 -1.989912234213094 1.040801101510385e-009 0.9949586369908497 -1.487519784968075e-009 5.67759264326088e-010 -1.286411047213042e-009 8.800293489165405e-010 -2.188719280245458e-010 -0.994958637053473
 -2.636959996820779e-010 -2.530742185170242e-010 -8.057246338396552e-010 -6.005710650973548e-010 -0.994958637529858 -9.571837256345083e-010 0.994958638491532 0.9949586367136641 -1.989912232422721 -0.9949586386552538
 -1.649132016924023e-009 -0.9949586372457737 -9.791038919601159e-010 -2.104377481925544e-010 -2.800891764623959e-010 0.9949586384429524 -3.961707334398586e-010 3.726250611481282e-010 -0.9949586368939691 -9.349870988679434e-010
 1.469004910285794e-009 -4.285494354180803e-010 4.400190548647435e-010 -0.9949586371605766 -0.9949586380318515 -1.395490963003101e-009 -1.654868681282652e-009 4.658263868679814e-010 -1.510042513354567e-009 -1.989912234874994
 -0.9949586372985142 0.994958637953684 -4.337611587647923e-010 -9.041389095239058e-010 5.549536967840955e-010 7.666815059887101e-010 -1.989912234122374 2.77536792990209e-010 -1.989912233209005 -1.989912232835348
 1.252587223888462e-009 1.129822573749011e-009 0.9949586386267595 1.122614929907493e-009 0.994958637992438 -0.9949586379594892 -9.808696366410487e-010 1.989912232541332 -0.9949586398127812 -0.9949586375469334
 3.135288717775592e-010 1.874629918647858e-010 -4.608538094673707e-010 -1.719109793614913e-010 1.262654228637537e-009 9.523968244213466e-010 -1.532430296339878e-009 -1.53995750870406e-009 -1.191531230756246e-009 -3.161775725494778e-010
 1.989912233105372 -1.437779432265439e-009 -0.994958638239706 -3.468295176905126e-009 1.017743493477692e-010 0.9949586371318438 -1.989912233219414 5.951356083283441e-010 4.296272735997792e-010 0.9949586374392173
 0.9949586391183131 -8.137321458069708e-011 -0.994958636020608 -6.530524879456749e-010 0.9949586384102849 0.9949586376439173 -1.28097136179198e-009 -1.005035291462528e-009 1.584226518503461e-009 0.9949586378190005
 -9.086031850163659e-010 1.272529658468915e-009 -0.9949586379620932 -7.668712179090339e-010 -0.994958638200474 -0.9949586359598352 0.9949586373230441 1.630861995814241e-009 9.451010542466748e-010 -4.386378810101735e-010
 -0.9949586392178975 -7.979438210929979e-010 1.989912233049122 -1.266027633647332e-009 -0.9949586371811286 -6.929412449020789e-010 1.989912233626381 2.116752199518487e-010 3.422428750974759e-010 1.134953065886191e-010
 -1.989912233702114 1.360428760611766e-009 3.327742731349186e-010 -1.225074563444198e-009 1.239303988206006e-009 0.994958638218749 -0.994958637953809 -0.9949586377951979 1.476200385142304e-010 -0.9949586374627643
 -1.518481757220431e-009 0.9949586380018041 0.9949586380394375 1.318315501582705e-009 -0.9949586375485643 0.9949586385504962 -7.226287883828509e-010 -0.9949586382766625 -0.9949586379455081 1.104897993851159e-009
 -1.601173825349478e-009 0.9949586380877378 -3.857060878560277e-010 1.166553888541572e-009 -0.9949586358532938 -1.635106830528813e-009 -0.994958636892457 -0.9949586362309043 0.9949586388980222 -9.906330062789356e-010
 1.409392665023127e-009 -0.9949586373872755 -0.9949586384135342 7.339901945373099e-010 -0.9949586365901906 0.9949586374537706 -0.9949586375006333 -0.9949586371949412 -0.9949586372953603 -2.229314815107442e-011
 0.9949586386978486 -0.9949586370860674 -0.9949586390621965 0.9949586363156026 1.121157914379261e-009 0.9949586382097879 -1.475773423949775e-009 0.9949586369880048 1.003818039869628e-009 4.607904615798151e-010
 1.591806635682103e-009 1.989912234469153 0.9949586380117019 0.9949586376412403 1.00454526928485e-009 1.778290330420433e-010 -6.598032800510733e-010 -3.479886371097987e-009 6.642205307142105e-010 1.989912232113059
 -0.9949586378805396 -0.9949586373497745 0.9949586393110575 0.994958637095152 -3.472462847627906e-010 -0.9949586373046101 -0.9949586367942891 -1.192981138665737e-009 1.709465426198866e-010 8.648644030225509e-010
 1.397569322793349e-009 -1.025170975463546e-009 1.442232175156748e-009 3.645262720316901e-010 0.9949586384197624 0.9949586371514427 -1.243754359084232e-010 7.420019386648497e-011 0.9949586374190437 0.9949586354458314
 0.9949586370616944 1.026343133280017e-009 -0.9949586373495029 -1.98991223339714 1.341341920559892e-013 1.989912233594392 -0.9949586379392692 -5.5304571740599e-011 0.994958637493669 3.289182932201918e-010
 -0.9949586372235459 1.473521867149976e-009 -4.010643015671154e-010 0.9949586370134524 -9.391683118297366e-010 0.9949586383068858 0.9949586399237618 1.354144517323541e-009 0.9949586376174326 9.253724961889973e-011
 -0.9949586369549623 1.989912234191548 1.989912234535937 0.9949586386966205 -5.684207485906601e-010 0.9949586375798168 -3.753479232879421e-010 3.64464521670478e-010 0.994958638266352 2.22539176813035e-010
 0.9949586390181143 -0.9949586394752559 -0.9949586381287875 9.296642416700931e-010 8.452766056354051e-010 -5.376877561729358e-010 -4.949890446267524e-010 -0.9949586376165644 1.989912234745387 -0.9949586383162322
 8.08776219348703e-010 2.70407333716286e-010 -2.448309509898751e-010 -8.515808289717061e-010 -0.9949586383666505 3.698341313267474e-011 5.997187767424033e-010 0.994958637042011 0.9949586378535551 -1.989912233988825


# name: DatT
# type: matrix
# rows: 1
# columns: 50
 5.252985954284668 4.942280054092407 4.848718166351318 4.867732048034668 4.850717067718506 4.884243011474609 4.866229772567749 4.845715045928955 4.80718994140625 4.924268960952759 4.811693906784058 4.811195135116577 4.816696882247925 4.857722997665405 4.814195871353149 4.823200941085815 4.805189847946167 4.871234178543091 4.80768895149231 4.897748947143555 4.868232011795044 4.861227035522461 4.810193061828613 4.823702812194824 4.84171199798584 4.849217891693115 4.881736993789673 4.880738019943237 4.805691003799438 4.869730949401855 4.812695026397705 4.806190013885498 4.808189153671265 4.854721069335938 4.899249792098999 4.910761117935181 4.80869197845459 4.825700044631958 4.861225843429565 4.826702117919922 4.817194938659668 4.843215942382812 4.836210966110229 4.825201988220215 4.861727952957153 4.814693927764893 4.861726999282837 4.82620096206665 4.808190107345581 4.831707000732422


