# Created by Octave 4.0.0, Sat Nov 19 22:04:33 2016 Hora est. Pacífico, Sudamérica <unknown@HEEC>
# name: DatK
# type: matrix
# rows: 1
# columns: 50
 2000 2000 2000 2000 2000 2000 2000 2000 2000 2000 2000 2000 2000 2000 2000 2000 2000 2000 2000 2000 2000 2000 2000 2000 2000 2000 2000 2000 2000 2000 2000 2000 2000 2000 2000 2000 2000 2000 2000 2000 2000 2000 2000 2000 2000 2000 2000 2000 2000 2000


# name: DatF
# type: matrix
# rows: 1
# columns: 50
 0.01514882056855807 0.03134948731149153 0.2944149502053958 0.7197728632816689 0.0734298015521014 2.088098841350583 4.690730834623646 1.016473700038169 1.385500954314395 2.367772239458269 0.9820416297127932 0.09836113309974999 0.5426944239026953 0.3876933526462123 0.1648984707244663 3.112387686937189 2.843388771596446 4.279309172086899 0.1495758116063218 0.2471816116413717 0.06059528122291937 0.3110569124192458 0.02711472786324046 1.013375998221443 0.02155815600621186 3.640567125602846 1.252524262624644 0.01072896381344738 0.2191295960559047 0.0939412406549404 0.1278745491897418 0.5668692613522577 0.05175576684634539 0.1047774257872562 0.301964524210243 0.04544646091894156 1.826938321480778 0.1082079363337373 0.5091814754312058 0.4951412455627704 0.01072897678553299 1.749340468592758 2.791633203386418 0.08526379752520402 0.03029764061146194 0.9915405415607075 0.03029764061145971 0.4366748220185875 2.317364611566129 0.01514882030576301


# name: DatP
# type: matrix
# rows: 50
# columns: 10
 -0.0002209421818556194 -1.00632664023606e-037 1.442764338863982e-037 3.429838303732572e-037 4.377556218507173e-037 3.960210740804437e-037 3.384165728120997e-037 3.546159179922177e-036 3.989358318762296e-036 5.072272271631221e-036
 3.308003770517341e-036 -4.611597928120124e-037 2.538484607426667e-029 -5.749735638209753e-030 -9.958781721701212e-030 -5.851722284581346e-029 -6.645246390527853e-036 -6.396341670012688e-036 2.249548801587567e-035 0.0009627100797169987
 -3.640750632594764e-006 0.002982233358805227 -3.594074946718701e-006 -0.00748027440015469 -5.026459978159544e-034 -2.479249701710477e-034 2.613781465011198e-005 4.897428916449676e-034 4.772511447441244e-034 -3.686793081685489e-033
 4.704666752030687e-009 -2.613781590286916e-005 -2.097251498504537e-025 5.325484631061814e-022 1.295031005408094e-034 -4.451757489907651e-034 -6.391283182496858e-034 -4.55070870105057e-033 0.09730531282862509 -0.1230632508890163
 1.089440176264771e-028 6.495046897583463e-032 -2.795282523447767e-032 2.548590844195624e-019 -1.022612146103978e-020 0.0009626999952707492 3.134399503097308e-035 -2.979951695750455e-035 -2.580895892286069e-005 -5.876975046522977e-006
 -2.082475461254555e-020 -5.158864336220751e-019 -1.024290269530696 6.792329760976886e-010 0.0009627110378403428 3.551573896322759e-032 -2.14164539780722e-032 3.818681609090835e-032 -6.041526027334338e-034 -1.601220151011958e-032
 0.03176952407317833 0.0002209256092665937 8.638767373338618e-031 1.842689018216591e-030 -2.61378233832638e-005 -5.040156108933186 1.106710988190314e-030 -1.115566309881734e-030 -8.30657753337744e-032 -3.402117504545315e-031
 1.201361945807573e-024 -3.023678153393407e-024 -1.609102688265965e-030 -2.90467064572672e-029 0.242599362712072 1.744023497188217e-032 -8.827350167076798e-033 -2.170775862207126e-031 -0.0002209263547492222 3.357677710018246e-009
 -1.846765902610236 -2.675659943180777e-032 8.560503253524006e-032 6.472442490022068e-031 2.613781491099347e-005 -9.906065302297816e-032 -1.999332363800769e-032 4.463488968403586e-031 1.101056894978573e-031 -0.0002209256202205689
 -9.406446346500014e-032 -6.096927935082751e-032 -4.342273175265175e-033 -1.456991359038485e-032 -3.582771102738158e-032 1.503573055613352e-032 2.613368655573261e-005 6.566809580122639e-007 -1.386985173830153 -0.04593425467464985
 -1.479707499116286e-007 0.0002209261385784635 1.22793304321158e-020 -3.981097195564139e-024 1.519593291740193e-033 -9.797134294786838e-033 0.007480274649463744 0.05688191265489136 -0.07894790680557474 -0.0568819124775282
 -1.093403620974179e-005 -0.0002207904769081708 -9.018670962286861e-035 3.313416272718368e-034 6.393897865417711e-025 -3.474483738794648e-035 -1.563457743348621e-034 -2.613855687813468e-005 0.0009624261058767823 -2.331142861408855e-005
 0.002425874356683544 -0.05734532566031379 -4.448519665649966e-006 -0.0009627059140115443 1.858530963641144e-025 -1.48974801903257e-025 7.958193640911758e-026 6.181604494051924e-026 1.85524250145962e-027 -7.072189620620106e-026
 2.791163988852048e-033 2.118072552324158e-033 9.016327741291139e-027 3.863703154308857e-021 -1.229896452105364e-033 1.875212842159422e-033 -0.0002164333508395239 4.432520822669727e-005 0.03177026171822674 4.429893488681205e-005
 1.109619391186499e-034 1.445218750311831e-034 6.465523582724562e-035 0.002982235567844824 5.384075344366538e-035 1.329204925537279e-034 3.613468583525996e-034 1.837283813692467e-035 1.444594112025121e-034 -0.002982235559407481
 2.558135968672919e-005 5.364637413034184e-006 0.3621617213964889 0.6474306854524225 -0.3609025959251583 0.03176987778888134 -2.579512745553268e-031 2.757600226088342e-031 -1.830938264290504e-032 3.874018382376939e-031
 1.7323100591711e-008 -2.613780965535192e-005 -1.752108962024064e-008 -2.613780711159895e-005 -1.527805182406787e-027 3.37244369661217e-026 0.0002209255974802584 -7.066488106281465e-025 1.009021064949995e-025 -7.788928340288096
 5.652607445931826e-026 -3.630791764717769e-023 2.663904953389152e-031 8.442472555103327e-032 -1.697718754357419e-022 4.084316470037219e-022 -2.387071852467844e-027 2.247718430339338e-028 -3.128678855071669 -5.462828164008794
 -1.749286838677105e-034 -2.527177204361569e-035 2.742270580433106e-035 1.976853632698252e-034 4.343082316507618e-035 0.0009627111963219542 -4.842118809454288e-019 -8.593680465539339e-034 -3.007224989188244e-034 0.007480275409970251
 3.143050530265171e-035 -1.125541955788033e-034 -4.218763129777668e-034 -1.5374252186099e-029 0.0074802747048429 8.19153591592135e-007 -2.613105453693216e-005 -1.894804859388469e-007 0.000962711011747035 7.253602725145632e-008
 2.269031521792758e-035 2.561987734230158e-036 -7.449366213669445e-036 -2.051605453234562e-035 1.380540847802027e-035 4.436921418606532e-035 0.0002209255983547276 3.173464714934698e-008 -0.000220925594868263 -4.412054115656129e-008
 3.210740628599217e-033 6.441158991581244e-034 2.112705730395138e-034 -1.103418283629152e-035 -6.737644138680346e-035 1.122492875569554e-033 0.002978299701250995 0.01610973745153605 -4.496566622039749e-033 3.551722370345662e-033
 -1.362238234235753e-035 4.29924759785993e-036 -2.366722268935706e-005 -1.673518205498338e-005 -1.673512491679568e-005 -2.366721422104452e-005 6.522898933590473e-036 -2.001777863120159e-035 -9.717186900933205e-028 -1.575200742246063e-026
 3.531531384710316e-033 -1.916831532301686e-033 6.992088173187209e-033 0.09730531292224201 -1.188269178531932e-033 -2.728524613244139e-033 0.007480274727153909 -1.583739285415213e-006 -0.007480274615978664 -0.01442049704668305
 2.613809366826354e-005 4.574149083900913e-035 -1.099034555959105e-035 -8.929900198787708e-036 -2.174261529812758e-013 8.759946375524991e-036 2.928828629995284e-036 -2.388214035351903e-005 -1.592403340505268e-005 2.072704830135509e-005
 -0.00189445488202461 0.002303208463615913 -0.001894454965767918 -0.002303208351214399 -0.5249635481557509 -0.8795347962548065 0.5249680621471184 -1.700817275279884e-031 3.120782157708347e-031 3.131604346646795e-031
 0.1568849507870273 -2.154316994151105e-005 0.1568849510906626 -1.486507373785521e-036 -5.571697658303592e-033 5.555993242790728e-033 4.454554188260796e-034 9.232718203943745e-033 0.0009627110455743058 3.20970430826539e-007
 6.614669084213678e-036 -3.085048289522908e-037 -9.586330366308971e-037 3.329792382200393e-036 -2.963358933347912e-036 2.613781534816503e-005 -2.750886864999963e-036 1.213892403285514e-036 5.93738039661194e-036 2.19679665871476e-036
 1.466342613827536e-031 -2.234697982870571e-031 9.684142390996674e-031 -3.527998364047e-031 -0.0009627107775660119 1.003647379424687e-006 0.0002209233116240256 0.0009370194433265911 -0.002831205181696898 0.0009370199265722213
 0.0002193738684382812 0.0009373834176052379 -0.0002193740156567288 2.613725752678505e-005 -1.71706242330041e-007 2.613724239427118e-005 2.84871093366434e-033 4.075546216377403e-032 -1.370045002948292e-032 -1.354455880289153e-023
 4.888728900296082e-026 1.526638669859897e-023 -2.402366508456331e-034 4.765898741351423e-034 1.657619534085458e-032 -1.01415975420386e-033 -7.868789309189624e-034 -4.818417720743267e-033 1.141456364663426e-033 0.01624516036597481
 -0.007481190327193208 0.05688185213932746 -0.007480276944975931 4.225255806819134e-034 -8.07260567467801e-034 5.694569025226323e-034 -8.436566669320491e-034 -1.442937161144198e-033 -2.013985761975534e-032 -7.763653368258858e-033
 5.642374646053973e-031 -1.017784630766005e-029 1.677285435262339e-029 -5.812515576184719e-029 -2.61332125474886e-005 -0.0002197243996478787 1.997972272250224e-005 -1.685088337098843e-005 -1.998353169937109e-005 -1.685008848834796e-005
 -1.649133018334315e-032 -1.10715723360559e-032 -1.951717343156338e-033 -2.613628493550242e-005 -1.093327096685775e-031 -1.258724452867553e-032 -4.874674977254899e-031 0.0009627110723083708 1.590989545659749e-007 -0.0009627110353010015
 9.976822505545678e-032 -7.013482570801907e-033 0.01624474145950459 -0.00016498278457371 -0.0001220849747059805 -0.0002052760238508029 -1.592955977648729e-019 6.416659761153594e-023 -1.195172761732812e-017 -4.862972670900963e-018
 3.950832702066274e-035 -1.547825257239889e-036 2.475529035874649e-035 -2.988736757631315e-035 0.0002209265558750692 -1.324408948028451e-035 1.700901347246635e-036 -1.904436585187133e-037 2.918339556316283e-037 -0.0002209255856076842
 1.846767488949035 0.001849451971714552 -0.002339527609087923 0.001849098023790258 -0.03174322240009161 -3.028362348155481e-019 3.240270197590424e-018 -1.525580920967087e-018 -1.509515923652757e-019 -2.961558926650905e-019
 5.953041045980331e-027 -1.262667260183152e-027 -4.92265538019273e-026 -0.0009503878529466555 0.0002191471699504318 2.285930719550156e-005 0.0002203357699855713 -2.844209580800529e-035 2.946736230248839e-035 1.510887468450437e-035
 -2.613780069436555e-005 2.72122997060775e-008 -2.613780940656173e-005 1.529068774810407e-034 -9.343780436298533e-034 4.159444219981697e-034 1.949488980187223e-033 5.206285670115996e-035 3.23558843329163e-034 -0.2425993627201838
 7.044472180353827e-032 -1.666675897088834e-031 -9.824579777952189e-026 -1.785633903380196e-033 2.331840245890575e-033 -0.0002209249084682101 0.05737144210593063 -1.557463606876945e-031 5.213069468110578e-032 1.573841171292094e-032
 -8.92553423159077e-026 4.709664507332009e-026 -2.183076824336186e-017 3.012886400008241e-018 -4.300146280325973e-027 1.056124825128944e-028 -2.61378149780218e-005 -3.471414124250392e-018 3.110253209754662e-036 4.432830118642619e-037
 2.606591540232304e-033 1.13716032934923e-032 -2.613781589740476e-005 5.348819961383753e-018 -7.30084409666617e-021 -0.0002209256988536049 0.7415336111162625 1.874236245178818e-023 -6.63265181502949e-033 -6.487818709114153e-035
 -7.788928333894091 -8.606353364329027e-022 -3.125308417157741e-030 4.210228174480337e-030 -1.450387570634959e-030 -9.951693050294041e-030 5.567885586592097e-030 8.425383174334177e-030 -1.852202071408342e-031 3.064089161397814e-031
 -4.35898385920404e-010 -0.0002209257728045736 -4.958346994916773e-029 4.300756784110812e-027 5.880062329385329e-027 1.594058889935897e-035 -5.090226076807552e-036 -2.572014398277033e-027 1.174432018722603e-026 0.002982244975493197
 -2.125463969295186e-031 5.895921394208181e-033 -9.787483029695123e-032 -9.514415055092835e-032 0.0002209255982484083 -1.208383866065184e-035 -1.900815306178595e-035 1.181622158559173e-031 1.336072174159444e-031 1.486958505909984e-033
 -1.132262658942048e-034 5.660822043578339e-034 -7.424534164968922e-033 2.613781520446619e-005 -0.2425988664769449 1.138409116233594e-033 2.043404406980875e-033 -2.853989029091787e-035 9.451481690939385e-035 3.049695490029541e-033
 -9.162328334658362e-036 1.270471060126906e-035 5.956373639129299e-036 4.172677792550702e-036 -7.562979793461649e-037 5.283756532623896e-036 8.363230977912384e-034 0.0002209255992240304 -8.254301967719534e-036 -4.205258025696327e-035
 -0.007480274880951352 4.614038929194104e-027 -2.763827661670448e-034 7.64509149109129e-034 -2.393640047875832e-027 -0.01624033986349534 0.0005597557948476382 -0.000783236914493478 -0.0005597789802745548 -0.0007832369104344185
 -6.151758138615596e-032 -6.400421328421744e-032 -8.361858676793168e-032 -5.259189444796426e-032 -4.126383868014924e-033 1.061464878878603e-032 2.613734742388234e-005 -0.5249683149487514 -0.5237178540400579 0.0362124671100258
 -0.0002209255978262134 -5.951435716296572e-031 2.084425619940606e-030 -2.621332102481354e-030 -1.873971900171372e-029 1.074488256862226e-031 4.5751248049151e-029 8.465395682629215e-030 -9.819411833540666e-031 2.204595093202648e-029


# name: DatT
# type: matrix
# rows: 1
# columns: 50
 6.438775062561035 6.608382940292358 6.567857980728149 6.603888988494873 6.715956926345825 6.429264068603516 6.47129487991333 6.610387086868286 6.520827054977417 6.499311923980713 6.774492979049683 6.546345949172974 6.631901979446411 6.614390134811401 6.390239000320435 6.374727964401245 6.547347068786621 6.60037899017334 6.778498888015747 6.583866834640503 6.61138916015625 6.478302001953125 6.624898195266724 6.420260906219482 6.694440126419067 6.335204124450684 6.424762964248657 6.465787887573242 6.717955827713013 6.757985830307007 6.498312950134277 6.583868980407715 7.056180000305176 6.724961996078491 6.71345591545105 6.421759128570557 6.558352947235107 6.717458963394165 6.419762134552002 6.558353185653687 6.563353061676025 6.492809057235718 6.610388040542603 6.607885122299194 6.621390819549561 6.505319118499756 6.526831865310669 6.624392986297607 6.698945999145508 6.624395847320557


