# Created by Octave 4.0.0, Sat Nov 19 21:33:28 2016 Hora est. Pacífico, Sudamérica <unknown@HEEC>
# name: DatK
# type: matrix
# rows: 1
# columns: 50
 2000 2000 2000 2000 2000 2000 2000 2000 2000 2000 2000 2000 2000 2000 2000 2000 2000 2000 2000 2000 2000 2000 2000 2000 2000 2000 2000 2000 2000 2000 2000 2000 2000 2000 2000 2000 2000 2000 2000 2000 2000 2000 2000 2000 2000 2000 2000 2000 2000 2000


# name: DatF
# type: matrix
# rows: 1
# columns: 50
 0.1032842715048484 0.1009210697982524 0.09347847620025951 0.1647712608106335 0.1107169909229206 0.08359424655478453 0.068897811562453 0.05408866998343043 0.05175996674123273 0.02955218369277413 0.1057870530156013 0.07624736139946842 0.06889306549981045 0.1057160755513151 0.0884898154913315 0.1572331509404068 0.05658673414398208 0.03446731338024867 0.03194236749533208 0.06643410793360627 0.07376646717773139 0.0516567955073155 0.04428778998478333 0.1231411781314607 0.02955466982390953 0.09106877227773602 0.1967161180791024 0.0172361119176615 0.1034707295119609 0.04425352763035684 0.0737884896186638 0.04425843723062162 0.04917847466734249 0.08859272194279533 0.09102209166689623 0.07135184078825874 0.05409845970454596 0.05899891695088044 0.05163726123369328 0.05407888023548624 0.1205349886155973 0.1180908894238406 0.088587982804197 0.04428776020565117 0.07876248269219632 0.1131561824413357 0.1255483465986484 0.06638503924006389 0.2658003495299417 0.02215124201480889


# name: DatP
# type: matrix
# rows: 50
# columns: 10
 2.612883286443233e-009 -3.279150139440868e-009 10.86649130285241 6.270639862950993 1.346253649870869e-008 -1.825692666045461e-008 8.282873985339252 1.49976137646404e-008 -9.382544721532737 -9.885149472250742
 -6.28004453143028 4.438443454589341 -5.433246319438647 6.270641153640537 14.01458738504265 -1.64604843085326e-008 -9.756796389663929e-009 -8.850357729756436 -2.259425389659682e-009 -2.195582202418248e-008
 6.280044413209755 -4.438443259259701 -1.576078181582961e-008 -6.270640648905564 -7.007291916227698 -7.67227635361759 -5.837699306678004e-009 8.850356284209628 -9.382547384399798 5.516506916438471e-009
 6.280043577315504 -4.957700296104907e-009 5.433243856198657 -6.430547721040123e-009 -14.0145768645918 -7.672270325534082 -8.282868244311379 -8.850347117459631 9.382536418817594 9.885139715965062
 6.103432499742966e-009 -8.876886305650086 -4.449559088912621e-009 -6.270640252102043 -1.29791428019229e-008 15.3445552004528 -1.240643516121391e-008 -9.607140956566102e-009 9.382545980841028 2.282573284087195e-008
 -2.023612424668379e-009 4.438443196398129 -5.433245875639794 6.270640494188542 1.599824971198975e-008 -1.621942351875663e-008 8.282875374636241 -8.850355806197729 2.867752741294567e-008 -9.885151872513978
 -7.870983743817532e-009 -4.438443677674817 5.433246741633273 6.270641827913727 -7.007293554149457 7.672278480045248 -1.705568054551013e-008 -8.850359616402347 -1.987567683412282e-008 8.123059159768938e-009
 -5.310507061931206e-009 4.438443650248462 -5.433246709806204 1.6622126701747e-008 1.779796642452736e-008 -4.074437132660893e-009 -6.22762499236832e-009 8.850359441249127 9.382551108686842 -1.49585481173555e-008
 9.079936954719757e-009 -13.31533312471834 -5.433247827734139 -1.187537220436028e-008 -1.182905141165898e-008 -1.813638804602172e-008 -1.145910036171725e-008 -2.543469931002428e-008 -9.099964048741827e-009 2.743417655701689e-008
 -3.140022545938147 4.438444265234656 8.705197128815072e-009 -6.270643490434127 7.007295866750239 1.91473420422746e-008 1.590362025406599e-009 9.753323493300365e-010 -4.667124548743575e-010 2.163862975103687e-008
 4.628528519505931e-009 -4.438443128751907 1.54340919077808e-008 -6.270640305360373 7.007291423196337 15.34455542878938 -2.862589719443599e-009 8.850355313551962 -8.336966584241888e-009 -1.497752958031199e-008
 -3.140022259441685 -8.876886963128243 -1.131412330279863e-008 6.270641162647805 2.113332556496384e-008 -1.820413590110429e-008 -1.021912148637462e-008 -8.850357763611559 3.964222072768668e-009 -9.885154621239058
 9.420067056268278 -4.43844364299234 -1.731391204976976e-008 9.47191588048176e-009 -2.057200409779773e-008 -1.276047582101691e-008 -1.933356011261035e-008 -8.850359434025822 -9.382551077774625 -6.407613187838184e-009
 -3.14002204977798 -4.438442824234252 5.433245178975553 6.270639415840748 -1.077639172141461e-008 7.672274055814495 -1.292802439885528e-008 -8.850352823752582 -9.382543242165127 9.885147740329232
 -6.280044242190749 -8.922784977358191e-009 -3.717018522970281e-009 -1.51128097692141e-008 -7.007290992885967 -1.419501437604382e-008 1.690656141659915e-008 8.8503544475561 9.382545108627609 9.885149965426145
 1.437651639638733e-010 -2.292673083111321e-009 -3.257622291603626e-009 6.270635687362136 -7.007285009686626 2.319851613431409e-008 8.282864366933506 8.850342358581891 1.398460613433356e-008 -19.77029029359948
 7.39497072912614e-009 -8.876887662483284 -8.37479138864325e-010 1.024311885882453e-008 -1.059063568107729e-008 -7.672279062118762 -1.965498138199451e-008 -8.651493244144579e-009 9.382552410428493 -5.466098242149702e-009
 3.140022525023904 -1.201290390758046e-008 -5.433247662964305 6.270643223160221 1.365313215547346e-008 7.672281058464358 4.285771708194472e-009 1.567638251327593e-008 7.620171722420881e-009 3.223077614464381e-008
 -8.382842027425195e-010 4.419429693658394e-009 5.433247192169803 -1.38445748476419e-008 -1.019124053101584e-008 1.974397360837296e-008 -1.070083482993801e-008 2.640698656342054e-008 -1.848955555944659e-008 9.885159900198227
 3.140022351566273 2.486868540871485e-009 -5.433246775265953 -6.270641854798318 -7.007293622430034 7.672278578700693 1.616051281123051e-008 -8.85035971678165 4.723784462373268e-009 -2.423741702373054e-008
 6.280044496487562 4.438443387040717 9.255721212898231e-009 1.614866173128294e-008 -8.651686649708573e-009 -7.672276961861624 -2.155838678144908e-008 -8.85035724968464 -1.71741960725236e-008 -9.885153942077769
 -5.46846647521017e-009 4.438443801230318 1.619226658456212e-008 -4.988106724395986e-009 7.007294072650392 7.672279178004486 1.771728099112161e-008 8.850360673999631 2.426608155472269e-008 2.284611147364421e-008
 -6.639958316626754e-009 4.438443946850646 -5.433247276337268 4.302759744916819e-009 7.007294670429509 -4.907684367207557e-009 -1.934069929259512e-008 8.850361870458725 5.264727772284672e-009 -1.414817084090662e-008
 -9.420066892078788 13.3153308446491 4.481340815359477e-009 -6.27064131713687 7.0072928677362 7.6722775734896 2.071911082438766e-008 -8.850358237930168 1.754529980254486e-008 1.293173496818471e-008
 6.280045125740145 4.438444269066083 4.434297546326076e-010 -4.990494074984102e-009 1.374450734345899e-008 7.672281577795917 2.22825337244645e-008 -2.265912180915146e-009 -1.965519929171706e-008 -1.560027621865066e-008
 9.420066911920239 -2.251322497178162e-010 5.433246452240611 -6.270641374266159 5.610536716562628e-009 -7.672277665029914 -8.282877461406434 8.850358328317562 -2.688939777435688e-008 4.359251496478732e-010
 -3.140021598108319 8.876883136841547 -5.433242792695732 12.54127246486976 -5.291328500431638e-009 -7.672267323371735 2.064765192126306e-009 2.440027244423449e-008 18.76507848484004 9.885133286784047
 2.05207371414392e-009 -4.438444348917902 1.588216316867348e-008 -1.023097454825196e-008 7.007296227591406 -5.085256444826651e-009 -2.681427391421858e-008 -2.030927657966323e-008 1.474838861435186e-008 -2.068988287983605e-008
 -6.280044786967042 4.438443797900803 -16.29974238734607 -6.270642167456421 7.007294051285066 1.086477365494767e-008 -2.588031962199713e-008 -2.465913101600836e-008 -2.603862753258303e-008 -1.814356172312996e-008
 3.140022394155807 -4.438443801522092 1.36317353219644e-008 -7.399385886879718e-009 -7.007294081749925 1.422811147671664e-008 1.880234487275292e-008 -2.024766763932216e-008 -1.168542213465415e-008 9.88515861408793
 6.280044566503853 1.919547030169453e-009 1.202791194638777e-009 -6.270641276176416 7.007292774626392 -1.423165470473554e-008 1.709348482726875e-008 8.850358056879061 9.382549421954886 -1.49176103213054e-008
 3.140022409138667 -4.977779949390201e-009 -5.433247006687599 6.270642247798082 6.409249934940688e-009 -8.931423260094928e-009 -1.731577411440047e-008 1.53403182087821e-009 7.655079558382165e-009 -9.885158867981993
 4.529867300773831e-009 -4.438443759106199 -5.433246907172448 1.749238817378427e-008 -7.007293900726913 -6.65591385480407e-009 1.568142176832833e-008 7.943269317277292e-009 -7.72067737280316e-009 -9.88515815044444
 -1.038336395624345e-008 7.242555163941926e-010 10.86649313417429 6.270641267412748 -7.007292766203912 8.652062152339878e-010 -8.282877233160198 8.850358030567767 -2.443608788755245e-008 3.045584780554067e-008
 3.140022211909614 4.438443303451512 -5.433246070276772 6.270640788169953 -7.007292122672512 -7.672276570565343 -8.282876103844627 1.812765692610645e-008 9.382547858214497 -1.628503209080756e-008
 -6.280044659524838 -8.876887317611855 1.458454085450104e-008 -1.634317971454019e-008 1.772617305452414e-008 -1.426005761340438e-008 -1.629361579041359e-008 -8.850359137549564 9.382550728219169 -3.126254299866926e-008
 9.537643566203825e-009 4.438443691001297 -7.463538904433271e-009 6.270641879166901 -4.876810333885486e-009 1.298597915480978e-008 8.282878637031951 -1.826959804602622e-008 9.38255150043747 8.034637931396718e-009
 5.254200430406945e-009 -4.438443542110843 2.887748399498102e-009 -9.919418932059322e-009 7.007293036663294 -9.732229413667612e-009 8.282877653643798 1.826396759376132e-008 1.277242208005979e-008 -9.885155716782684
 -1.359591506628412e-009 -4.438443722470913 -7.029813339727605e-009 6.270641976954276 7.007293728510904 8.8617511767146e-009 8.720704345829302e-009 4.243908600265355e-009 2.342958589358765e-010 9.885157739679732
 -3.140022321490466 3.606171822615866e-009 1.222026679253292e-008 6.270641651214028 1.990285696072338e-008 -6.037585449293052e-009 8.282878092200363 -2.536142898539936e-008 2.07696689853389e-008 -9.885156499356464
 3.140022068625406 4.438442895237431 1.140203162303492e-008 12.54128017647527 1.428747484698597e-008 -7.672274403521009 -8.282873379076575 -8.850353310059786 9.382543798077942 1.350421915987168e-008
 -3.140022109475569 -4.438442980302408 5.433245477916545 -6.270639886515291 -7.007290866295262 15.34455392501531 3.05196025985825e-009 8.061678318174698e-009 -9.382544799209432 2.062060863712025e-008
 6.280044541360112 8.876886994359047 5.433246352430329 -6.270641204851349 -2.162707982965863e-008 4.210843165070512e-009 8.282877105424046 1.263097751720543e-008 2.008147098282722e-009 9.885154777451412
 3.140022449900478 8.751321588215517e-009 3.361370820209689e-009 6.270642606354965 -1.52719263955363e-008 7.672279939020987 8.282880331960293 1.078015632599489e-008 -2.732032042946723e-008 1.356575138587642e-008
 -6.280044681629241 4.438443641359503 -5.433246701776224 -6.270641760852557 -7.007293477579202 7.672278362553134 -3.889125174092664e-009 8.850359427740734 1.907551393262168e-008 -2.358852683504626e-008
 1.596304129534953e-009 8.87688605520948 -5.433245489726922 1.276234404184285e-008 7.007290856120863 -7.672274968228812 -8.282874035361608 -8.850354153269924 -9.382544804354097 2.052296866275602e-009
 -9.420066601578014 5.468968713640777e-009 10.86649221872159 6.270640576330363 -7.007291802559373 -7.672276172971611 8.282875618373117 -8.850356105358303 -7.736752371136349e-009 -2.046486732578404e-008
 -1.411518099579331e-009 -1.430990894723682e-009 -1.769919993305658e-008 -1.471711062432637e-008 -7.007292763822399 -7.672277439284238 8.282877205794801 4.654354474318591e-009 9.382549391405469 9.828546938018856e-009
 -9.42006477585358 -8.876883088914267 -16.29972975098716 -6.270635687505245 14.01457215792622 -7.672267250180449 -8.282864376842353 -8.850342353356709 -9.382530756264511 -9.885133136588806
 1.721731105221057e-009 4.184962333112454e-009 5.433247838142369 2.013476328407711e-008 -6.685659373944464e-009 7.672281540584791 -7.635378170800872e-009 3.861412127239799e-010 6.835284246461723e-009 1.746798744725076e-008


# name: DatT
# type: matrix
# rows: 1
# columns: 50
 20.89736795425415 20.9874279499054 20.98498797416687 21.01594805717468 21.09549808502197 21.02544903755188 20.97191405296326 20.99092817306519 20.99593091011047 20.97292113304138 20.96491098403931 20.97947907447815 20.99393701553345 20.94089603424072 21.21107316017151 21.07248282432556 20.94589900970459 21.02695298194885 20.93088722229004 20.8108069896698 20.85784101486206 20.81681418418884 20.85583901405334 20.79329395294189 20.81581401824951 20.78078985214233 20.82631707191467 20.77078199386597 20.80330300331116 20.80830478668213 20.77228379249573 20.81281208992004 20.81881308555603 20.81531095504761 20.81481194496155 20.81034016609192 20.79629993438721 20.82231307029724 20.82882308959961 20.83332300186157 20.81731510162354 20.81381106376648 20.99192595481873 20.94890189170837 20.83982992172241 20.79179787635803 20.85041618347168 20.81430792808533 20.84133005142212 20.86634683609009


