# Created by Octave 4.0.0, Sat Nov 19 21:05:37 2016 Hora est. Pacífico, Sudamérica <unknown@HEEC>
# name: DatK
# type: matrix
# rows: 1
# columns: 50
 2000 2000 2000 2000 2000 2000 2000 2000 2000 2000 2000 2000 2000 2000 2000 2000 2000 2000 2000 2000 2000 2000 2000 2000 2000 2000 2000 2000 2000 2000 2000 2000 2000 2000 2000 2000 2000 2000 2000 2000 2000 2000 2000 2000 2000 2000 2000 2000 2000 2000


# name: DatF
# type: matrix
# rows: 1
# columns: 50
 -377.5249379892267 -377.5249379892267 -349.2514998922517 -391.6616570377142 -335.1147808437643 -363.3882189407393 -349.2514998922518 -377.5249379892267 -391.6616570377141 -349.2514998922517 -335.1147808437643 -363.3882189407392 -377.5249379892267 -391.6616570377141 -377.5249379892267 -363.3882189407392 -391.6616570377141 -377.5249379892267 -377.5249379892267 -363.3882189407393 -335.1147808437643 -363.3882189407392 -377.5249379892267 -377.5249379892267 -377.5249379892267 -349.2514998922518 -377.5249379892267 -377.5249379892267 -377.5249379892267 -391.6616570377142 -377.5249379892267 -349.2514998922517 -363.3882189407392 -377.5249379892267 -377.5249379892267 -377.5249379892267 -363.3882189407392 -377.5249379892267 -377.5249379892267 -377.5249379892267 -363.3882189407392 -391.6616570377141 -391.6616570377141 -377.5249379892267 -377.5249379892267 -377.5249379892267 -335.1147808437643 -377.5249379892267 -377.5249379892267 -377.5249379892267


# name: DatP
# type: matrix
# rows: 50
# columns: 10
 -2.903534026618793 -2.903534028584147 -2.903534021732872 -2.903534010527113 2.746802756192753 -2.903534001203551 -2.903534022359136 -2.903534021075858 -2.903534031212569 -2.903534034219375
 2.746802764211187 -2.903534019013666 -2.903534036234154 -2.903534001448335 -2.903534040317634 -2.903534023894664 -2.903533988470989 -2.903534069285305 -2.903533996717657 -2.903534023875497
 2.746802758854161 -2.903534009306021 -2.903534053240114 -2.903534050140577 -2.903534045429133 -2.903533997353194 -2.903534019396872 -2.903534033947535 2.746802763779342 2.74680278428534
 -2.903534022697948 -2.903534019962998 -2.90353400645612 -2.903534018545465 -2.903534014577013 -2.903534021188615 -2.903534030271688 -2.90353399203235 -2.903534023217413 -2.903534039735358
 -2.903534030885816 -2.903534018089424 -2.90353403383481 -2.903534028516685 2.746802785479175 -2.903534004053786 2.746802754649386 -2.903534022240162 2.746802808274154 2.746802758894519
 -2.903534021740369 -2.903534028883498 -2.903534036019749 2.746802758127471 2.746802773241745 -2.903534002932044 -2.903534053178017 -2.903534018990566 -2.903534013696552 -2.903534037032174
 -2.903534020667594 -2.903534032810892 -2.903534031369424 -2.903534027841416 2.746802782950493 -2.90353402741064 -2.903534018449945 -2.903534070322076 2.74680274976514 2.7468027970845
 -2.903534015859766 -2.903534025650775 -2.903534048726923 -2.903533993473151 -2.90353404129758 -2.903534049912136 -2.903533989366321 2.746802738553149 -2.903534021232912 -2.903533995671851
 -2.903534013030551 -2.903534042102869 -2.903534004365645 -2.903534045899792 -2.903533996335764 -2.903534055092639 -2.903534038947038 -2.903533992137684 -2.903534023781344 -2.903534050474902
 2.746802768167278 -2.903534041715679 -2.903534002590678 2.746802790300168 2.746802766838528 -2.903534021953078 -2.903534032827335 -2.903533996574572 -2.903534039058336 -2.903534036903459
 -2.903533998824886 2.746802800408935 2.74680278371292 -2.903534020813449 2.746802771725503 -2.903534049669993 2.746802762039809 -2.903534019377223 -2.903534051564875 -2.903534024905786
 2.7468027605902 -2.903534041195777 -2.903534051013648 -2.903534033774253 -2.903534004024577 -2.903534019106397 -2.903534061665809 2.746802759968661 -2.903534070321656 -2.903534043936831
 -2.903534033439903 -2.903534005403532 -2.903534013850614 2.74680277598864 -2.903534036739148 -2.903534037860982 -2.903534057383065 -2.903534011408937 -2.903534016805538 -2.90353404609073
 -2.903534018926991 -2.903534060268348 -2.903534013464019 -2.903534063280607 -2.903534015526934 -2.903534042885973 -2.903534039206646 -2.903534001410546 -2.903534065896536 -2.903534036123953
 -2.903534028722492 2.746802775724918 -2.903534017259734 -2.903534012054461 -2.903534051041877 -2.903534048734469 -2.903534018990636 -2.903534027678988 -2.903533991498083 -2.903534031470271
 -2.903534072187604 2.74680276602874 -2.903534029623466 -2.903534016628102 -2.903534045326983 2.746802766991969 -2.903534016459191 -2.903534033897458 -2.903533985226108 -2.903534047504129
 -2.903534021706875 -2.903534004008597 -2.903534009375194 -2.90353405018778 -2.903534058019655 -2.903534067158589 -2.903534040669766 -2.903534028778488 -2.903534023270505 -2.903534025984753
 -2.90353402597897 -2.903534030373145 -2.903534034097011 -2.903534043114152 -2.903534000154792 -2.903534022917874 -2.903534017761372 2.7468027765193 -2.903533991733444 -2.903534030000896
 -2.90353404987698 -2.903534041400772 -2.903534074792312 -2.90353403935952 -2.903534038793283 -2.903534015195969 -2.903534011471793 2.746802758358252 -2.903534026784495 -2.903534061286328
 -2.903534034380012 -2.903534026902508 -2.903534010463641 -2.903534024590217 -2.90353402147975 2.746802770663962 -2.903534011773213 -2.903534053441736 -2.903534035722688 2.746802805912123
 2.746802762140602 2.746802792900002 -2.903534014088318 -2.903534008862379 -2.903534046961069 2.746802781674132 -2.903534033958859 2.746802782914266 -2.903534065296087 -2.90353406897397
 -2.903534004553269 -2.903534042595931 -2.903534019224235 -2.903534032587791 2.746802764716816 -2.9035340430151 2.74680275091437 -2.903534059742167 -2.90353398870363 -2.903534064831946
 -2.903534041664809 -2.903534053306631 -2.903534000024794 -2.903533999882994 -2.903534061804311 -2.903534075055973 -2.903534019035016 -2.903534072208361 -2.903534016232383 2.746802742501038
 2.746802763802012 -2.903534044905034 -2.903534023130856 -2.903534024383633 -2.903534023621133 -2.903534060699104 -2.903534034442392 -2.903534010407046 -2.903534066166968 -2.903534049511937
 -2.903534035198014 -2.903534020934756 -2.903534028810792 -2.903534008747891 -2.903534029727508 2.746802781353858 -2.903534047499218 -2.903534019872317 -2.903534031681421 -2.903534032871575
 -2.903534026691551 -2.90353403169989 -2.903534028604251 2.746802767386066 2.746802774660818 -2.90353405178837 -2.903534043105198 -2.903534033312175 2.746802751158426 -2.903534048287034
 -2.90353403631519 -2.903534030330519 -2.903534041819432 -2.903534033041034 2.746802791867304 -2.90353400688917 -2.903534020870165 -2.903534049894926 -2.903534009681071 -2.903534027332533
 -2.903534028401787 -2.903534036491873 -2.903534016913706 -2.903534042836795 -2.903534052260129 -2.903534031643044 -2.903534033391917 2.746802788163628 -2.903534059917618 -2.903534018237603
 -2.903534024154816 -2.903534022870676 -2.903534031652045 -2.903534043315853 -2.903534044303238 -2.903534043380187 -2.903534026544062 -2.903534053782818 -2.903534045169167 2.746802753099225
 -2.903534021974777 -2.903534030951259 -2.90353402923194 -2.9035340102149 -2.903534000350081 -2.903534029577151 -2.903534023552038 -2.903534032855336 -2.903534044526169 -2.903534039460897
 -2.903533995551556 -2.9035340350053 -2.903534023184619 -2.90353401472205 -2.903534033127003 -2.903533982824153 -2.903534015364595 -2.903534056297443 -2.903534055949348 2.746802769381701
 -2.903534034457393 2.746802778922929 2.746802756756241 -2.903534018227063 2.746802793576968 -2.903534063528832 -2.903534009284304 -2.90353402926442 -2.903534067158679 -2.90353402265569
 2.746802774518031 -2.903534038449112 2.746802758593756 -2.90353401457167 -2.903533998236155 -2.903533999265757 -2.903534024921417 -2.903534010699675 -2.90353404277786 -2.90353402801247
 -2.903534033236713 2.746802773589582 -2.90353399322879 -2.90353401710263 -2.903534044675281 -2.903534047349059 -2.903534048930748 -2.903533997860893 -2.903534001380816 -2.903534048040469
 -2.90353402397244 -2.903534025893836 -2.903534022651813 -2.903534023385655 2.746802785654815 -2.903534014224758 -2.903534033545256 -2.903534010918179 -2.903534003006581 -2.903534011138113
 -2.903534029185255 -2.903534038885808 -2.90353402059178 -2.903534003196064 -2.903534047242278 -2.903534028279942 -2.903534026907709 2.746802765285701 -2.903534063472054 -2.903534004483471
 -2.903534042753404 -2.903534017574731 -2.903534010449667 -2.903534004776475 -2.903534023315501 -2.903534013169677 2.746802771043015 2.746802736030477 -2.903534016716261 -2.903534024678704
 -2.903534024571947 -2.903534027753218 -2.903534015336584 -2.903534019182183 -2.903534036855548 2.746802773615263 -2.903534037556934 -2.903533982565491 -2.903534056979249 -2.903534006170952
 -2.903534015444155 2.746802784439682 -2.903533998604872 -2.903534012336423 -2.903534058528473 -2.903534035874562 -2.903533990488394 -2.903534024566663 -2.903534014069279 -2.90353399489734
 -2.903534008393323 -2.903534015795282 2.746802775827742 -2.903534000832435 -2.90353405363258 -2.903534059139855 -2.90353402522226 -2.903533990448316 -2.903534024299181 -2.903534022384084
 -2.903534012901456 2.746802783471253 -2.903534042080312 -2.903534032921692 -2.903534039514971 -2.903533993537982 2.746802729415973 -2.903534040242133 -2.903534045831164 -2.903534018092353
 -2.903534045080168 -2.903534007979294 -2.903534029278894 -2.903534007712077 -2.90353400801208 -2.903534013511382 -2.90353406869014 -2.903534024508473 -2.903534013905774 -2.903533994724614
 -2.903534046275094 -2.903534007687902 -2.903534000610156 -2.90353406014934 -2.903534000484505 -2.903533994998239 -2.903534033626872 -2.903534045606605 -2.903534013503493 -2.903534018760233
 -2.90353400064695 -2.903534023429992 -2.903534001721093 -2.903534002542417 2.74680274349467 -2.903534005108646 -2.90353404989935 -2.903534007512818 -2.90353401488268 -2.903534066433116
 -2.903534032560202 -2.903534024606983 -2.903534026278876 2.746802779800342 -2.903534002986287 -2.90353403034265 -2.903534031180767 -2.903534039865912 -2.903534066518699 -2.903533999389419
 2.746802743728979 -2.9035340252372 -2.903533992861604 -2.9035340088752 -2.90353404698868 -2.903534037707109 -2.903534027490299 -2.903534054347901 -2.903534014165517 -2.903534065656414
 -2.903534012780116 -2.903534045384839 2.746802760212931 2.746802795328039 -2.903534042569679 2.7468027442849 2.74680280197686 -2.903534035595808 -2.903534042092797 -2.903534052161604
 -2.903534023930892 2.746802759747075 -2.903534058067779 -2.903534043230315 -2.903534061444943 -2.903534041879844 -2.903533994705087 -2.903534018426019 -2.903534047682744 -2.903534001734814
 -2.903534024484204 -2.903534034662229 -2.903534035711228 2.746802763339021 -2.90353404961901 -2.903534040272383 -2.903534042067843 -2.903534064265584 -2.903534001947459 -2.903534028571022
 -2.903534024074417 -2.903534028499381 -2.903534022472913 -2.90353405266494 -2.903534049272106 2.74680277691027 -2.903534051517634 -2.903534036901317 -2.903533995864459 -2.90353406356988


# name: DatT
# type: matrix
# rows: 1
# columns: 50
 10.0531690120697 10.04266405105591 9.977121114730835 10.03966093063354 9.973618030548096 10.03515601158142 9.982125997543335 9.998134136199951 10.0012218952179 10.01364398002625 9.95360803604126 10.01964688301086 9.997641086578369 10.03165507316589 9.968116044998169 10.01264405250549 10.0171480178833 10.03916001319885 9.992632865905762 10.02665305137634 10.00513696670532 10.03215622901917 10.23679304122925 10.04716515541077 10.01364302635193 10.03965997695923 9.995132923126221 10.05316996574402 10.00263404846191 10.07668590545654 10.02365303039551 9.994633197784424 9.980122089385986 10.02815103530884 10.00213694572449 10.02565503120422 9.98412299156189 10.07718801498413 10.01514387130737 10.07568597793579 10.04566407203674 10.07018303871155 10.03716087341309 10.05567407608032 10.02315211296082 10.08469104766846 10.03815984725952 10.04916715621948 10.07918691635132 10.13022303581238


