# Created by Octave 4.0.0, Sat Nov 19 20:07:46 2016 Hora est. Pacífico, Sudamérica <unknown@HEEC>
# name: DatK
# type: matrix
# rows: 1
# columns: 50
 2000 2000 2000 2000 2000 2000 2000 2000 2000 2000 2000 2000 2000 2000 2000 2000 2000 2000 2000 2000 2000 2000 2000 2000 2000 2000 2000 2000 2000 2000 2000 2000 2000 2000 2000 2000 2000 2000 2000 2000 2000 2000 2000 2000 2000 2000 2000 2000 2000 2000


# name: DatF
# type: matrix
# rows: 1
# columns: 50
 1.310758673168978e-128 1.155424342288222e-133 3.694803642427243e-130 2.318183246505241e-131 1.633982918218666e-133 8.435799251887549e-131 1.780857725924494e-131 3.519911873509233e-132 2.432457949075281e-129 4.937790090251568e-129 1.433635484642249e-129 3.885213639714597e-131 1.058472454222353e-134 6.700694945638353e-129 3.194141752529498e-128 3.860652272699457e-132 9.676116087068918e-132 3.203560796478383e-131 7.763716549419728e-129 2.71313446533083e-131 1.526946478046715e-129 4.694554922772472e-135 9.324138760639463e-130 8.015237580312577e-133 1.193107397600541e-131 5.438061367602218e-132 9.735758106899038e-132 1.5970033110172e-132 2.734797338289015e-134 3.316597401871056e-131 1.594422738092613e-131 4.125815900810594e-130 9.31054153860675e-131 8.443116231825974e-135 8.117791455758397e-131 3.448192456463256e-128 8.785124897246404e-135 7.170172766345162e-133 8.659665963777447e-129 2.514745986041984e-130 7.020057898342808e-132 5.427762433307662e-131 2.017461275466015e-129 4.013464447984994e-136 2.816799684207639e-130 1.67616928982987e-131 1.578312950515465e-130 3.879043235495404e-130 2.574221761374104e-131 6.152272300874328e-131


# name: DatP
# type: matrix
# rows: 50
# columns: 10
 1.195673546205103e-065 -4.092825243097738e-065 -4.892796115358157e-065 -1.492021313786507e-065 -4.869384458028938e-065 5.970044411379761e-065 -2.762899562425153e-066 4.716581096346481e-065 4.641574464927972e-066 -2.199813947269029e-065
 -4.448656975080933e-068 1.739745692944869e-068 2.364654047310829e-068 7.350331905408337e-068 -1.236380559270546e-067 2.396798010435628e-067 -2.336230529652695e-068 -1.602732221872372e-067 7.336815146453966e-068 5.431248875377794e-068
 3.609767099301192e-066 1.761751874980947e-067 -2.027362145764271e-066 9.526945392244049e-068 1.506592597563639e-065 -4.816469768152176e-067 -2.834509771433327e-066 5.690168157226376e-066 3.923971018604194e-067 9.193426477373138e-066
 -1.213863042007e-066 -3.469398371711935e-068 4.016255737077816e-067 2.28662813570631e-066 -7.178177712169218e-067 -2.469920664783669e-066 -4.483587298659556e-067 -2.061347844663301e-066 -2.268005811304477e-066 3.277082313274742e-067
 1.892874478278657e-067 -1.617336177860275e-068 1.439347796827592e-067 1.88809155039491e-067 5.07841899684142e-068 8.403205328557158e-068 1.970091136157106e-067 3.119492372645369e-068 -9.99070476735208e-069 1.463383416284819e-067
 6.924426698044302e-066 -2.587817630575016e-066 -1.661421605959658e-066 -1.637965403817577e-066 -2.39832821298515e-068 -3.127027120055569e-066 2.629287614651996e-066 1.639075734552298e-066 1.398030964405462e-066 1.713816765975086e-066
 6.064617674808383e-067 1.380445522785111e-066 -3.47557055534081e-066 -1.071213887853593e-066 -1.081873905786394e-066 -1.51279881215134e-067 4.269635551926947e-068 2.338124645183592e-067 -8.557066939663243e-067 -5.709638516136906e-067
 2.557323054114371e-067 4.876102390411104e-067 -1.374815367368311e-066 -1.430651617032474e-067 -2.557227433751887e-067 6.729309785877339e-067 1.061090672257429e-067 6.618449484171502e-067 2.164185874795865e-067 -5.401843047454824e-067
 -1.896578832766636e-065 1.129299908954275e-065 -2.363642684887682e-065 1.759749550604018e-065 -4.095992098701002e-066 -1.447969426511367e-065 -3.218131901388213e-066 1.920246580660427e-067 -2.898029013782655e-065 4.281487138611426e-067
 -1.549209949035796e-065 -2.3565760436336e-065 -2.040359942112372e-065 5.126120424902859e-066 -3.416843929095983e-065 -4.927499262017469e-066 6.377766222802333e-067 1.961424445638899e-065 -6.484006619799367e-066 4.561716474884918e-065
 2.271659398436883e-065 -5.150026204304715e-066 -1.990985123604295e-065 -4.775128415296577e-066 -2.646210963860317e-066 -6.492292194044012e-068 1.072324455324528e-065 -9.765406026953023e-066 1.255569349369355e-065 -9.841840767054051e-066
 -9.903598825296983e-067 -2.513627620686359e-068 6.039646969593726e-067 4.062580213857264e-066 1.393651953526635e-066 -3.382276956703782e-067 -5.087798102274481e-067 -1.980140019117669e-066 2.160374112268775e-066 -3.177682973707073e-066
 -2.935057190334219e-068 -4.186167554879159e-069 4.713767850031934e-068 5.446246147314833e-068 -3.829119605675954e-068 -2.027275006016747e-068 -3.480030740307202e-068 3.211225103301293e-068 -1.197353891482083e-068 1.596246352852896e-068
 -1.18999289781563e-065 7.459932190844135e-066 -6.884653084879368e-066 -3.054167640144156e-065 -2.18098653402532e-065 3.252666974614144e-065 2.881174259763881e-065 -4.568885768631387e-065 -2.494857935061979e-068 3.274141537247138e-065
 -3.603367845490623e-065 5.650800190748647e-065 -6.439741206206377e-065 1.724958060562038e-065 -2.453365225445888e-066 1.255684688257055e-064 9.327010726000296e-066 -4.203693175348621e-067 8.412905943941101e-065 -8.181363309271157e-066
 9.944153101629475e-067 4.543143040740585e-067 2.858272574654304e-067 2.890793045740728e-067 -1.441006595276322e-067 -1.133121409930294e-066 -2.621388377271497e-067 -6.540581029790393e-067 -5.94848099525128e-067 -5.874033943880462e-067
 3.834228008032142e-067 -1.545579324547139e-066 -1.749558897173807e-066 -1.242795546760322e-066 -7.894623005824691e-067 -1.386674871817411e-067 -2.503301760478499e-067 1.161235514627741e-066 5.295448745749934e-067 4.48062719933735e-067
 -1.004376951767052e-066 1.053823545809183e-066 -1.185505194267644e-066 3.026704647556934e-067 2.041426559493944e-066 -1.002431930646017e-066 1.924495912329918e-066 -1.725213702479449e-066 -3.238920912711056e-066 -2.465017479449123e-066
 2.508591465549491e-065 -4.643699638617379e-065 -2.373746911962358e-065 6.31385809382403e-066 -2.354180831407684e-065 4.205079445957899e-065 2.859045574990498e-065 -2.139833412314446e-065 -1.903470693681601e-065 -2.036117808309315e-065
 1.324292449548014e-066 1.968128526705495e-066 6.993735859820079e-067 -1.583053186761532e-066 -2.291733072001269e-066 3.334461484085962e-067 7.289725431154036e-067 3.218202725864896e-066 -1.502182108910253e-066 -2.95940865369755e-068
 -4.987824588935772e-066 2.124099592923002e-065 6.902734012348808e-066 8.058713463362055e-067 -7.049680498792117e-066 6.963040304088313e-066 2.124764956803692e-065 1.804269981604621e-066 -2.008509764328314e-066 2.111058907661378e-065
 5.849853357575128e-068 1.403136398742881e-068 -6.48409815755531e-069 -3.23433214374863e-069 -6.490413756448957e-069 -2.663325020426267e-068 9.027546497288608e-069 -9.556661349529202e-069 7.489795619167114e-069 -6.535593781640112e-069
 1.023927255063658e-065 1.375890779429887e-065 -2.211662006886148e-066 -2.432295140534839e-066 -1.358744402075158e-065 -1.528237493872596e-065 -5.2757043423954e-066 7.162852765967037e-066 -6.805445271957044e-066 -9.156030872194808e-066
 -1.87680649693001e-067 9.68430007818193e-069 -3.016206391097467e-067 2.134089488811547e-067 2.498509565530906e-067 3.874893041059108e-067 -2.753102504666508e-068 4.460883973899462e-067 4.459072931372785e-067 1.361174702545282e-067
 9.467036960318155e-067 1.341581745213981e-066 1.613174349686556e-066 -6.032470389297494e-067 5.310758948591438e-067 8.195911230824168e-067 -1.483040637871962e-066 -1.069534095579845e-066 -1.370874557636067e-066 3.039161944883431e-067
 -1.901666707931196e-067 -4.569847444961966e-067 2.669748114667764e-067 -4.763260462715699e-067 4.085583152026201e-067 -2.06106163115865e-066 -2.583094717394683e-067 9.865926798175124e-068 -1.254055192009745e-068 6.351308934054152e-067
 -4.56222309429619e-067 9.852489487885912e-067 -2.67734353745584e-067 2.805708857589918e-067 1.220919940414377e-066 -4.282349365146445e-067 -7.327572348110613e-067 -2.481528033001187e-067 -5.33946608094849e-067 2.418441542207454e-066
 -1.074015798657321e-067 -6.873651005104182e-067 -5.905657620482477e-068 -7.446121103165556e-068 1.705672741579584e-067 -1.876104014585561e-068 -4.160376191302538e-067 8.950683469585799e-067 1.480628101414259e-067 2.799336804883778e-067
 -2.148497238344587e-068 6.36039930429366e-068 -5.823764110487674e-068 -4.869976548875062e-068 7.756423942523623e-068 -2.643628577999249e-070 3.871152195776608e-068 -6.127609194486645e-068 -5.2455988862721e-068 5.528433905024872e-068
 1.432248100546322e-066 -7.980426750164762e-067 -6.058241925751305e-067 -2.887406884854852e-066 1.323057524717591e-066 2.127417029172625e-067 1.766064421534152e-066 -2.973831064659996e-067 -3.912304324271855e-066 -1.210099248169212e-066
 -2.164100383222015e-066 -2.010384604675363e-067 -3.725776256944835e-067 8.532569599569276e-067 -2.020831412290789e-066 -1.512980414597409e-066 1.835007874122167e-066 -2.207745237981451e-067 -2.624959546779832e-068 7.510427825542437e-067
 -4.446960567919288e-066 6.729865227770169e-066 9.60013183467779e-067 3.683596490018745e-066 4.901749473084012e-066 1.024218713427064e-066 9.324878888972954e-066 -3.974137319560104e-066 1.319352643635981e-065 5.579613962031554e-066
 4.270989767787051e-066 -1.102777963632498e-067 1.386414359301646e-066 6.337938689283478e-067 4.026427622705625e-066 1.018100685591967e-066 -6.175782030847443e-066 5.209750773205824e-067 2.735076161628849e-066 3.063832960958977e-066
 3.81574848260556e-069 3.131688374617525e-068 1.580135993726731e-068 2.95642896357112e-069 -6.4328067613006e-069 1.433725796655863e-068 -3.528291742910578e-069 5.685117859402502e-068 -3.519709095154253e-068 4.958938504616117e-068
 -2.838738875404991e-067 -2.114801311505621e-067 4.462459882306684e-066 -4.804994624656145e-067 2.511995418624096e-067 5.728462052119845e-066 -2.202528724626395e-067 2.580818651312366e-066 3.514098528180008e-066 2.995292138690838e-066
 9.585505481784036e-065 5.378382804726816e-065 7.475841311786779e-066 5.592032996115129e-065 -6.402905139618243e-066 -1.108988624025092e-064 5.560007954536406e-066 -6.933851421435623e-065 2.961071922818418e-065 3.410232474895588e-065
 -5.444102026689915e-068 -1.312699620678259e-068 2.508359699003733e-069 -1.921737289765156e-068 1.857956002886784e-068 5.50079727312312e-068 -2.156860837450965e-068 -2.230144346722672e-068 -3.065452430301319e-068 -2.160268977105608e-070
 8.784366882955571e-069 4.996572825377099e-067 5.255063226557317e-068 3.733463119318867e-067 -1.660558334270689e-067 1.500842267974938e-067 3.166030954597269e-067 1.024710359741424e-067 -3.986605571025555e-067 -7.325152523453038e-068
 5.808961755223359e-065 -4.558230556199924e-065 -1.71479571254571e-066 -1.12894107990781e-065 1.998526289172226e-066 -1.61788384527774e-065 -2.072844830208851e-065 -4.104235722352407e-065 5.605353715692682e-066 -2.580332980015921e-065
 -9.843448378329264e-066 -3.46522541651333e-066 -1.981972478798071e-066 -6.251524767122285e-067 -6.425487678248754e-066 -2.993880310012899e-066 1.395256256961806e-067 4.248558747833114e-067 6.102730490158461e-066 7.110612093918495e-066
 1.627825155561372e-066 8.368423245253555e-067 -1.088234139561958e-066 -8.244303313924706e-067 -5.827442547437955e-067 1.108988992484824e-066 -1.965825625992549e-067 -5.145506361205017e-068 2.122449470858847e-067 3.87571250710164e-067
 2.95976524062488e-066 2.215495434407201e-066 -2.375052509060128e-067 -1.438539620537345e-066 -6.120869382047572e-067 2.888560651492475e-066 3.113454409346365e-066 -3.380431472356269e-066 2.906708880740686e-066 4.414568795467932e-067
 9.571229914958991e-066 -2.305799285524538e-065 5.743924253982887e-066 2.1247002422421e-065 -7.603378352419468e-066 1.680308594730937e-065 2.122087995494384e-065 -1.993982990348778e-066 -8.721562807801637e-066 -6.263512539584506e-066
 7.281008714832e-069 -7.174921716115922e-069 6.371396022212467e-069 4.775254555183461e-069 -7.669603779649675e-069 9.255447588963017e-070 -7.067093510189415e-069 6.427437935660469e-069 -8.898875982911365e-069 -1.825073649659213e-069
 -1.140750966881786e-066 -6.645110377942387e-066 7.94122848296726e-068 4.058432058708406e-066 -3.344561394041821e-066 1.120109148537594e-065 -4.33708795977653e-066 -4.330818635410482e-066 -4.451706298414419e-066 -5.070447145752967e-066
 -1.946321047411841e-066 1.791845903260379e-066 -1.025603258147986e-066 1.184022950238007e-066 8.314755354549733e-067 -4.675371786884174e-067 1.085842793782364e-066 -5.19130080941584e-067 -1.515157184287043e-066 1.629370633556124e-066
 -1.310939731833349e-066 9.432072236589571e-067 -4.221594102520681e-066 5.375165335123393e-067 -3.889148248403706e-066 7.12441472165349e-066 -4.746906847374684e-066 6.50569398393675e-066 1.352010231917572e-066 2.131769615221205e-066
 -7.177067655169507e-066 -7.075185983178952e-066 5.588627154172599e-066 -1.72333564844824e-068 3.818374148535705e-066 1.140591050963223e-066 2.951164000684823e-066 -1.107620700172821e-065 -9.526117885001842e-066 4.133174896177394e-066
 4.690484263118631e-067 -1.691849805386115e-067 -1.579718374483213e-068 2.333909426796014e-066 8.34595743770375e-067 1.069602315025074e-066 1.488385489620077e-066 -3.413784630641045e-066 -4.685061499176279e-067 2.029012275942193e-066
 -1.937946372893587e-066 -4.43196762991252e-066 -3.071730009124949e-066 3.089599549505321e-066 1.128627824179244e-068 3.538179941864919e-066 -6.149080677863602e-067 7.505992802324897e-067 -1.8092908750035e-066 1.552324000941881e-066


# name: DatT
# type: matrix
# rows: 1
# columns: 50
 4.56601619720459 4.574108123779297 4.487476110458374 4.487980842590332 4.465964078903198 4.524502038955688 4.475467920303345 4.476974010467529 4.469965934753418 4.471964836120605 4.474972009658813 4.478973865509033 4.492480993270874 4.482474088668823 4.478471040725708 4.618618011474609 4.612560987472534 4.606058120727539 4.60155200958252 4.599551916122437 4.603555202484131 4.612558126449585 4.598052978515625 4.631071805953979 4.592047929763794 4.618565082550049 4.622566938400269 4.608618974685669 4.601056098937988 4.602052927017212 4.606056928634644 4.605556964874268 4.588200092315674 4.600106000900269 4.584540128707886 4.584160089492798 4.621564865112305 4.608563184738159 4.592548131942749 4.594548940658569 4.595551013946533 4.598097085952759 4.613061904907227 4.61155891418457 4.643580198287964 4.600110054016113 4.593049049377441 4.598046064376831 4.601568937301636 4.591546773910522


