# Created by Octave 4.0.0, Sat Nov 19 21:59:04 2016 Hora est. Pacífico, Sudamérica <unknown@HEEC>
# name: DatK
# type: matrix
# rows: 1
# columns: 50
 2000 2000 2000 2000 2000 2000 2000 2000 2000 2000 2000 2000 2000 2000 2000 2000 2000 2000 2000 2000 2000 2000 2000 2000 2000 2000 2000 2000 2000 2000 2000 2000 2000 2000 2000 2000 2000 2000 2000 2000 2000 2000 2000 2000 2000 2000 2000 2000 2000 2000


# name: DatF
# type: matrix
# rows: 1
# columns: 50
 3.979836228373159 1.98991811418658 5.969754342559742 2.984877171279869 4.974795285466451 4.974795285466449 8.954626476020538 8.95462647602054 4.974795285466449 4.974795285466451 8.95462647602054 9.949580495294754 2.984877171279871 5.969754342559742 4.974795285466451 4.974795285466451 1.98991811418658 8.954626476020538 2.984877171279869 10.94453955238804 2.984877171279869 7.959667418927246 11.93949860948133 10.94453955238804 3.979836228373159 1.98991811418658 12.93445766657462 7.959667418927246 4.974795285466453 5.969754342559739 4.974795285466453 9.949585533113829 7.959667418927246 3.979836228373159 10.94453955238804 3.979836228373159 4.974795285466453 7.959667418927245 7.959667418927245 7.959667418927246 4.974790247647375 7.959667418927247 6.964708361833956 3.979836228373161 10.94451935567359 6.964708361833956 5.969749304740668 4.974795285466451 11.93949860948133 2.984877171279869


# name: DatP
# type: matrix
# rows: 50
# columns: 10
 -5.572688744159605e-010 -1.377144366204446e-009 0.9949586383359257 -0.994958637073335 -0.9949586371747416 1.053473948101028e-009 -1.049010559983241e-009 -1.034520454218464e-010 -3.599087143448327e-010 0.9949586368216782
 -1.487156180089868e-009 1.091265980244052e-010 -1.090223714271069e-009 -0.9949586388463388 1.625764861609665e-009 -0.9949586364594114 8.2077481139664e-010 7.05622033946644e-010 7.44424021070462e-010 -1.19403863553365e-009
 -1.102831959219751e-009 0.9949586388658545 -0.9949586383799722 8.969689834643582e-012 -0.9949586382959925 -0.994958639393399 -0.9949586381476559 0.9949586387230809 5.36520884273958e-011 -9.878467025064576e-010
 1.538563326193214e-009 0.9949586376612203 1.613463294231495e-009 1.253235305797945e-010 0.9949586388546486 -4.626154852975454e-010 -1.486346995244297e-009 1.822021586689189e-011 0.9949586373475642 -9.864991010944753e-010
 -3.141514158110311e-011 1.438360267203703e-009 0.9949586371627575 0.9949586377410033 4.484829399821637e-010 1.253274751520912e-009 -7.122194309135265e-010 -0.9949586376163747 -0.9949586387809962 0.9949586380067584
 3.004582759025247e-010 -9.665481318642067e-010 1.259850459455766e-009 1.035809210467322e-009 0.9949586360781144 -0.9949586373461922 -0.9949586375617134 -0.9949586365911723 1.886186953354351e-010 0.9949586381071892
 -1.367033930116874e-009 0.9949586384339024 -0.9949586364780728 -1.989912233500119 -1.664059955491282e-009 -0.9949586391337254 -0.9949586370628309 -4.143641640844419e-010 1.200451927750233e-009 0.9949586375506948
 -1.627616566128227e-009 -0.9949586399177638 0.994958637316798 -2.337834961791731e-010 0.9949586367325755 -7.592143105471635e-010 5.199237252837448e-010 1.989912233183478 -0.9949586391385278 0.9949586360877173
 -1.564271078992163e-009 1.479043378292971e-009 -0.9949586362223533 1.031920371221192e-009 1.078815280894931e-009 8.152603033215599e-010 -0.9949586374280391 -0.9949586372395098 -0.9949586383779949 0.9949586364887197
 -0.9949586378738384 -7.987555488829532e-010 -0.9949586377116209 -5.826962230929821e-010 0.9949586374699932 3.656202360016282e-012 2.881268692513303e-009 -0.9949586382290827 0.9949586378448246 7.364828266313379e-010
 0.9949586362854238 -1.084029392941044e-009 -0.9949586376875782 0.9949586380302609 1.989912231905247 1.056569650304337e-009 0.9949586398214036 0.9949586358996482 -8.726275560516775e-010 9.85836130412719e-010
 1.989912233037611 9.696795086642702e-010 -1.989912235171407 0.9949586383174311 0.9949586374169003 5.511589665739373e-010 5.002371077706675e-010 -1.183779835896867e-009 -1.428022652960759e-009 4.375716970637915e-010
 -7.629554828633152e-010 -3.251358453165355e-010 -0.9949586355497635 3.393849614366726e-010 1.395340582072157e-009 1.306404492249305e-009 0.9949586385541981 -4.909101013203427e-010 -0.9949586387768946 -7.397750726684493e-010
 -1.216356315754584e-009 -0.9949586379179636 0.994958636985608 -1.2694281363605e-010 8.245815295685036e-010 -0.9949586393072993 -1.542835963743914e-009 0.9949586355903084 -0.9949586367338671 -0.9949586366409841
 0.9949586391134253 1.420388961146045e-009 1.380552055789961e-009 -5.572588227160978e-010 0.9949586376748023 1.532318292555457e-009 -0.9949586368078712 0.994958638006529 -0.994958637822862 9.335123437980659e-010
 6.401104126624344e-010 -0.9949586388757405 -0.9949586374186437 -0.9949586375890918 1.509037695037039e-010 1.555166429585693e-009 -4.737404677090579e-011 -0.9949586388713133 -0.9949586361747468 1.403367736117842e-009
 1.087552975893918e-009 1.330118713063743e-009 8.997828688965489e-010 5.576893979138155e-010 -8.678634520407709e-010 0.9949586370254517 -1.172018303003947e-009 -9.064927563088475e-010 0.9949586379240383 -7.053917246698179e-010
 0.9949586353910466 0.9949586379907759 0.9949586370286564 -8.301999553308979e-010 0.9949586372025021 -0.9949586378998047 -1.27167691881789e-009 -6.012498452745008e-011 -1.989912231851195 -3.77022775333308e-010
 6.515438519345265e-010 -8.178288484160047e-010 -0.9949586368768475 -0.994958639099448 -8.098615910073854e-010 3.175714767442206e-010 -9.155837887371106e-010 -0.9949586374408581 9.038763108306109e-011 7.512492490055449e-010
 1.878337635702188e-010 9.601637371612678e-010 0.9949586373352942 -1.58180979461446e-009 0.9949586385502274 1.98991223302162 -1.989912232125077 1.628211865259647e-009 0.9949586378279424 7.388712424985854e-010
 0.9949586384631582 1.443848256308528e-010 -0.9949586361042101 0.994958637029568 9.571171454231565e-010 7.652096574629649e-011 -7.638662597301733e-010 5.857942239438385e-011 7.501740144491803e-010 -7.275717316034953e-010
 -9.559360035872719e-010 5.79265941912668e-010 0.9949586384194036 0.9949586369804188 -0.994958638433224 3.157128434746874e-011 1.156304059586379e-009 1.000712649448896e-009 1.989912235255699 -0.9949586375886723
 0.9949586377522974 -1.546335305944363e-009 -1.637753620150027e-009 -2.0463201735e-010 1.98991223443154 -1.989912234166473 0.9949586376229824 5.264223757012413e-010 -0.9949586374549606 0.9949586366854332
 -0.9949586372318239 -0.9949586391511591 -1.08045330600705e-009 7.755090279160946e-010 -7.958227825561278e-010 3.781038928196287e-010 1.989912234647391 -1.446738059607646e-009 1.989912233866987 0.9949586368820322
 -1.017182782892144e-010 -0.9949586376264308 1.624403795789719e-009 -0.9949586380737566 -0.99495863827264 -1.163381382864032e-009 -5.942195482871314e-010 0.9949586374637446 3.428067618977732e-010 -1.104708733186347e-009
 -8.674585164001403e-010 0.9949586381010279 5.553448022741198e-010 -1.168488696050608e-010 0.9949586382826362 -8.109730370659728e-010 -7.534225019482089e-010 -1.212992166244406e-009 1.625065514600194e-010 2.424775105234939e-010
 -0.9949586381446031 0.9949586390036125 -8.619440332639663e-010 -1.000505735344046e-009 9.368252192350473e-010 1.989912232580313 -0.9949586389863724 0.9949586373106502 -0.9949586373145992 1.989912233986111
 -0.9949586379553222 3.792600993642965e-010 0.9949586389267888 -3.558164406699355e-010 -3.08734241956227e-010 -1.569571033873744e-009 0.9949586368011046 -1.093976807323984e-009 -0.994958636955055 1.989912233308173
 0.9949586387404394 1.345664748009305e-009 1.2457254034384e-009 -0.9949586386403075 0.9949586395435475 0.9949586373717021 6.601760930320639e-010 -0.9949586377239817 -1.541367882770061e-009 -3.3482432259649e-009
 8.262604121387893e-010 0.9949586371391252 4.534543698026967e-010 7.180628336646046e-010 8.88226665968826e-010 -0.9949586380287628 0.9949586381596447 0.9949586363595162 -0.9949586376230235 -0.9949586372714231
 -4.231143912542967e-010 3.677583807607361e-010 0.9949586384104545 -1.457468251138596e-009 -7.413058957261676e-010 0.9949586365586593 0.9949586397138149 -0.9949586398125358 -0.9949586371554955 5.685261020946732e-010
 1.120110308262495e-009 -0.99495863905568 -1.526229114479784e-009 -5.285554712845277e-010 0.994958637486011 -0.9949586376726154 0.994958636884303 -1.989912233531868 -0.9949586379965756 -0.9949586369291566
 1.545977375895099e-009 0.9949586379705663 0.9949586371291184 -8.551716014521672e-010 0.9949586384522362 0.9949586371413716 -3.304263107696507e-010 -8.49762063218861e-010 1.989912234962758 -7.62997660993547e-010
 -0.9949586378742998 1.409092492083203e-009 -2.098766704496277e-010 -0.9949586374258967 -0.9949586370902602 -7.486207295673718e-010 1.23183682868783e-009 -0.9949586363896441 7.948427914839305e-010 -1.286746856743631e-009
 -1.989912234112091 0.9949586382906195 1.607553945947335e-009 -5.335460433366468e-010 -1.501380000749205e-009 7.605247975994328e-010 -4.821742335680009e-010 -0.994958636877758 0.9949586364510813 -1.989912231874921
 -2.851698696959621e-010 -9.288184354751379e-010 0.9949586374136135 -0.9949586376072577 0.9949586374496152 -1.403659778244479e-009 0.9949586387894741 -1.135455547121533e-009 2.106294464894497e-010 -6.627890709042249e-010
 -0.9949586362009675 -0.9949586393994663 -5.468752607024785e-010 -0.9949586373746078 -1.913670110381002e-010 0.9949586382257297 -1.333466627658439e-009 -1.678060172171381e-010 0.9949586356453617 9.740911111882914e-010
 -1.01179546963056e-009 0.9949586378459779 1.989912233563119 -0.9949586379015204 0.9949586372439509 -0.9949586378009841 4.363855753975164e-010 -8.468657730371143e-010 -3.631094018434641e-010 -6.361476786922334e-010
 7.812390114370599e-010 9.478787705263947e-010 -1.255078670322438e-009 -1.487808603314111e-009 1.568312051297413e-009 1.989912234159287 -0.9949586367603004 0.994958637800728 0.9949586379056596 -0.9949586379894118
 1.010982964377953e-009 0.9949586388638237 1.200318273128776e-009 -0.9949586375529259 -1.493202789864676e-009 1.989912233224089 -6.754473348786484e-011 0.9949586389467999 1.086965977174753e-009 -0.9949586364103694
 -2.258127269267966e-010 -2.039165569337403e-010 3.897673340680099e-010 1.06069922450216e-009 -0.9949586382236123 6.822185777181075e-010 5.444746912628122e-010 -3.74752035676531e-010 -1.989912233799282 -1.289572828920569e-009
 1.634869770382945e-011 -1.232626286212297e-009 -0.9949586369382737 -0.9949586376745176 1.16562704414316e-009 -0.9949586365300597 1.609485431347875e-009 0.9949586381511505 1.030461241838914e-012 1.989912233358986
 0.9949586384793916 -1.995526504734694e-010 0.9949586369090849 -4.88629836615626e-010 0.9949586380541775 3.280121169663046e-010 5.681636211381273e-010 3.392463485733841e-010 -1.989912235021388 3.684008211625637e-010
 -5.338776681620325e-011 -0.9949586374825443 -6.02265533061598e-010 -0.9949586373290249 -1.445845996708378e-009 0.9949586350705126 -0.9949586376481959 8.138467366536261e-010 -3.364963182185479e-010 -4.088152064748287e-010
 9.616506677325362e-010 -1.417439524276204e-009 -5.683153092655682e-010 -0.9949586374943278 -1.560414853216241e-009 2.984855702571056 -1.152573696164994e-009 0.9949586377966977 1.38924692584506e-010 3.05005477306317e-009
 2.23010183356451e-010 0.9949586372939856 0.9949586377223956 0.9949586378285662 8.842283555310642e-012 1.069180857452842e-009 1.278481624892432e-009 -1.347058637983747e-009 3.540440771757255e-010 -1.989912233993772
 -1.044787013622735e-009 -9.821961827271189e-010 -5.247406734530209e-010 -1.782155931491871e-010 1.989912234654668 4.891136208582623e-011 -3.691912677157254e-009 -0.9949586387836449 1.659500327444768e-009 0.9949586373366466
 0.9949586382891735 0.9949586380639639 -9.092002903517343e-010 -0.9949586372255661 -5.046538788717319e-010 -4.053708353489507e-010 0.9949586384757584 -1.317799427513044e-009 0.9949586370919206 -3.458016968253141e-010
 5.462805352908615e-010 0.9949586370331136 -3.705469614491629e-011 -0.9949586371101964 -6.362716357774021e-010 -1.989912234570061 -9.851928409869713e-010 -1.989912232540642 0.9949586388475162 0.9949586376130916
 -1.853705173918547e-010 -3.187910351798735e-010 0.9949586366009991 2.649157857291716e-010 1.441218641787442e-009 9.074758818052793e-011 -0.9949586366116684 -2.223846120507589e-010 3.173748659397412e-010 -0.9949586376318298


# name: DatT
# type: matrix
# rows: 1
# columns: 50
 4.830703020095825 4.854720830917358 4.809190988540649 4.809192180633545 4.843214988708496 4.811691999435425 4.818197965621948 4.802186965942383 4.819694995880127 4.826704978942871 4.802685022354126 4.818197011947632 4.899250030517578 4.946284055709839 4.803185939788818 4.802189111709595 4.812194108963013 4.882741212844849 4.804188013076782 4.820700168609619 4.819196939468384 4.841210842132568 4.806687116622925 4.814196109771729 4.802686929702759 4.867230892181396 4.801684856414795 4.793683052062988 4.802187204360962 4.819256067276001 4.790678024291992 4.795685052871704 4.796180963516235 4.804188013076782 4.822701215744019 4.797182083129883 4.795684099197388 4.785175800323486 4.837208032608032 4.795183897018433 4.860226154327393 4.8592209815979 4.8191978931427 4.884742021560669 4.796683788299561 4.797183036804199 4.949783086776733 4.803189039230347 4.792175054550171 4.826201915740967


