# Created by Octave 4.0.0, Sat Nov 19 20:11:29 2016 Hora est. Pacífico, Sudamérica <unknown@HEEC>
# name: DatK
# type: matrix
# rows: 1
# columns: 50
 2000 2000 2000 2000 2000 2000 2000 2000 2000 2000 2000 2000 2000 2000 2000 2000 2000 2000 2000 2000 2000 2000 2000 2000 2000 2000 2000 2000 2000 2000 2000 2000 2000 2000 2000 2000 2000 2000 2000 2000 2000 2000 2000 2000 2000 2000 2000 2000 2000 2000


# name: DatF
# type: matrix
# rows: 1
# columns: 50
 1.315899672871089e-095 1.150019561870329e-095 5.946385192667826e-098 3.490935245868321e-092 3.789353522268123e-095 2.070699491195536e-095 2.795544933506249e-096 3.054897801340011e-094 2.900253871911783e-094 4.298130106209347e-095 1.291390684952458e-096 2.645357465847589e-095 5.057454288091289e-098 1.369309733800688e-096 5.421679939113416e-095 8.476704453638133e-097 5.029172299395928e-095 1.983234095546471e-094 2.086801706582487e-097 4.474853091328774e-095 3.175154123807052e-095 2.258416623144128e-095 1.350718589339859e-095 6.465634685763919e-095 1.325479695927675e-096 2.075264607573343e-098 3.548740586025821e-096 3.289908963505037e-096 1.72843307917215e-097 1.685412572487294e-095 1.886731122685607e-096 1.920335916437244e-093 7.282140111483063e-093 7.077785949649031e-096 5.28415004807421e-094 8.279923577054679e-099 1.520262999506696e-093 2.419343260542588e-096 7.538291064187068e-094 1.938469154863705e-096 2.736510134648826e-095 3.942378672919876e-093 1.961471943071237e-097 1.562761182184893e-095 1.262665872067733e-097 7.050092911546456e-096 4.834996453894287e-097 1.157559734074909e-099 1.851557244182689e-094 4.280799289996556e-096


# name: DatP
# type: matrix
# rows: 50
# columns: 10
 4.063067926298798e-049 1.332073573378582e-048 -5.066008616069042e-049 2.098018036551585e-048 -1.305220453498769e-048 2.163323327856149e-049 -9.155523816902967e-050 -2.045372251103048e-049 1.053645289462676e-048 1.910597041467564e-048
 1.081741383195322e-048 2.676493684049001e-049 -3.122349945637156e-049 1.677094873941027e-048 -2.147287847820234e-048 2.827503889220945e-050 -7.253383787252363e-049 2.551462910064493e-049 1.531199560035618e-049 1.456691941535855e-048
 4.511387090114077e-051 5.752787973923456e-050 2.848584910862069e-050 4.627821584899897e-050 -1.707736523591812e-049 -3.682744239923522e-050 -1.252261103973056e-049 -5.506877717641274e-050 3.200164127406285e-050 -5.406265496036135e-050
 5.803371441718763e-047 1.06833432245578e-046 2.768830123572374e-047 9.255839052343634e-047 3.617364263251445e-047 -3.777087354327584e-048 2.124161883533566e-048 5.580990947574038e-047 -5.788103473572177e-049 7.969923858886481e-047
 1.196923320766876e-048 8.866017508400458e-049 3.394844391709986e-048 -2.268394254432795e-048 -1.564574206878767e-048 1.280463030146128e-048 1.412838845300299e-048 -3.345271226952107e-048 1.013642033956355e-048 -8.380720773041455e-049
 7.510421884790755e-049 2.990501915274427e-048 1.346139878016744e-048 1.339344382171728e-048 6.498596412680488e-049 3.586233953537853e-049 1.527158869137569e-048 2.15406904848456e-048 -1.255253958338096e-049 -2.344787779521742e-049
 -2.18596483178412e-049 -2.463260250975839e-049 5.633018333252706e-049 -2.215003810249468e-049 -4.612594574030147e-049 -1.176318892197035e-049 3.992052601218042e-049 -8.273224958867157e-049 -3.545833661267078e-049 -1.060451961353312e-048
 -3.795004368044833e-048 -3.820864066131876e-048 -8.86124748071048e-049 -1.117715389336733e-047 -7.569925516567218e-048 2.378451216927568e-048 -2.225356170603365e-048 -6.196808615436164e-048 4.633110628727258e-048 4.79536962344009e-048
 -2.37874827469645e-048 -4.473629105314705e-048 2.616347673661808e-049 -4.206611596620082e-049 1.180299431574796e-047 5.842468839219876e-048 8.749467755471432e-049 -6.047123402253041e-048 -5.999738915042949e-048 4.163287234447527e-048
 5.267424860431572e-049 -3.076873658715748e-048 -4.90110856068669e-050 -2.326123773679447e-048 -3.026828843405022e-048 3.484568086477102e-048 2.273086800725377e-048 -2.567617196638615e-049 1.133816949420506e-048 -3.375427572148114e-050
 -1.265209451871079e-049 -3.236313948846535e-049 4.811950196542405e-050 2.654117674139792e-049 -3.759146608450329e-049 -9.338365937279526e-050 -6.667285648886376e-049 6.054212463036165e-049 -3.665437753859259e-049 4.938034842601232e-050
 9.370800859399812e-049 2.689442377435547e-049 -7.228569108623848e-049 -9.116681242330383e-050 2.072624666258349e-048 -1.066437231571846e-049 3.72774277763566e-048 8.711917541604181e-049 2.072768751723591e-048 -1.309096478110438e-048
 4.89140169267622e-050 -2.102311108580331e-050 1.042778713891512e-049 -2.908457357369307e-050 2.144797236426358e-051 1.156154680351816e-049 -1.069884767268684e-049 -3.92216863616977e-050 -9.71460162294363e-050 -1.504805107111615e-050
 -5.918364631700622e-049 -1.718715170606909e-050 -7.696150255909281e-049 -3.711115630635316e-049 2.523192904940161e-049 -1.495704688704004e-049 3.412595804188647e-049 1.175259924346909e-049 -1.499861405361031e-049 -2.234059189740516e-049
 -1.467199466800163e-048 -2.617619061393964e-048 1.254243991656108e-048 1.484055450720312e-049 -4.773607218555947e-048 -7.835225134981473e-049 -1.391378855394229e-048 6.08313466328213e-049 1.987561281458771e-048 3.73623202203136e-048
 5.612715527873617e-049 9.225952870580063e-052 -2.904206331785757e-049 3.47385613981666e-049 3.036686598591616e-049 -3.287782489213934e-049 -3.03642347166067e-049 -7.637570501274981e-050 1.710289368080969e-049 -5.506065496502477e-051
 2.038430855495363e-048 1.60356835843663e-048 2.571461960435454e-048 1.817936225551913e-049 -1.316551690556843e-048 1.558842445774726e-048 1.779208079021401e-048 3.123500998775996e-048 4.071364994269212e-048 -1.805124568263604e-048
 -5.47192029962597e-048 3.20095431158086e-048 2.629634369998646e-048 -4.975176771924609e-048 4.014631618311932e-048 -4.058939009100665e-048 5.960471765619746e-048 5.910790538225901e-048 -2.455904038793347e-048 4.168889832910247e-048
 1.912728585314289e-049 -8.355029275457807e-050 1.20709303077121e-049 -1.228837871637471e-050 6.969195890314452e-050 1.08468532835116e-049 -1.466011392015106e-049 1.153970246875606e-049 1.083997229069596e-049 2.95315447831399e-049
 5.621560853885026e-049 9.651280044373496e-050 -2.360160865371066e-048 4.026258720407586e-048 8.748274038601165e-049 1.738985763117855e-048 1.255586046263312e-049 -3.075734615320497e-048 -2.516917534947289e-048 -1.744104755609277e-048
 1.548843365967005e-048 -1.484837424825533e-048 2.728165530651674e-048 1.687807506891709e-050 -1.023888467511173e-048 5.732336178898123e-049 2.997466889894498e-048 4.088642660565053e-049 2.260106053852439e-048 -2.016856405954685e-048
 2.923869754509133e-048 1.472018824906929e-048 -5.944946743654282e-049 2.895900940637992e-049 3.857366354529641e-049 -1.336357970577023e-048 3.89596101155248e-049 -2.874229044302773e-048 8.902626202680922e-049 -5.392916624127787e-049
 1.049511647296751e-048 9.497223542541517e-049 -5.318133380863661e-050 1.52950875747204e-048 -1.226879467976289e-048 -8.12306809103956e-049 -2.036007857217277e-048 -1.061322195280517e-048 -1.750689864261943e-049 -1.301558997531575e-048
 3.801086012896323e-048 2.426900333962802e-048 -1.289313268285837e-048 1.110850360375237e-048 -3.982393910767776e-048 -2.374675101532834e-048 -9.270594273590109e-050 -2.760831607753382e-048 3.446400578547739e-048 6.441458824890149e-049
 -2.683757430133465e-049 -3.494934889064265e-049 -1.004461169103981e-049 3.894235844637383e-049 -1.688767520897375e-049 -2.319135873141696e-049 -1.963361715698947e-049 7.209437438911821e-049 -2.886246697423974e-049 4.95634001738166e-049
 5.89738602890733e-051 -7.720977648881325e-051 -2.007489772496349e-050 1.613684151118817e-050 1.592418174146017e-050 1.080819772313067e-049 6.081717338345859e-050 -3.121636099463974e-050 3.585513011064051e-051 5.808196969165561e-050
 6.777327092378789e-049 -4.608017675682342e-049 7.920100676499297e-049 4.511310155906641e-049 -1.005278078101561e-048 7.9760702567314e-049 5.247775082759742e-049 -2.008685331096048e-049 2.380955643933934e-049 1.645948695728743e-049
 5.600633071385497e-049 1.380926309796609e-049 -2.326815028773954e-049 5.127673515965954e-049 -2.650508553364889e-049 8.042858886656502e-049 2.896892268175898e-049 1.248297780450382e-048 3.687560645958292e-049 3.805541531996301e-049
 1.718259043482345e-049 1.102656375236169e-049 1.035364354752435e-051 8.289955133500869e-050 7.341992375246119e-050 1.885192909485994e-049 -1.784664734152144e-049 -2.132364836800135e-049 -7.134908505442025e-051 7.737087833482843e-050
 -2.53376354635497e-049 9.477749357911167e-049 2.213781936989439e-048 -1.927621828440151e-048 6.175827697714049e-049 -1.371322199292341e-048 2.111550460307087e-049 -4.82788143605151e-049 1.397790094442189e-048 -1.667834343053861e-048
 5.50985554039451e-049 -7.546210437612523e-049 2.90662128057799e-049 -2.120318662677988e-049 -1.580881725545261e-049 8.372073755088731e-049 -3.034819916371049e-049 2.552931632987749e-049 -1.159953095529495e-050 3.05386597028076e-050
 6.732208995453779e-048 2.618327068380154e-048 -1.598427767083668e-047 1.911921387886461e-047 -2.594193967390635e-047 -8.515084743839712e-048 -1.741674863581291e-047 4.966344254682676e-048 -1.862463749719566e-048 1.304410932490554e-047
 -2.470443430584414e-048 2.156688437719591e-047 -9.483371640656955e-048 -2.480742390392022e-047 5.320513941035567e-047 -1.932064354963105e-047 4.380804585249836e-047 -2.109851713978255e-048 -1.835782737788244e-047 2.531567877864249e-047
 1.275070817475468e-048 1.575956542047816e-049 7.130192500503415e-049 -2.316751282597642e-049 9.566492027891873e-051 -1.106888096084722e-048 1.277397435729534e-049 3.440240065182739e-050 -1.789184298005032e-048 -6.489221519878015e-049
 -1.691730107263751e-047 7.6944647259103e-048 5.614908901798377e-048 8.617095665127791e-049 1.055416770048773e-047 -2.977507291360817e-048 -1.148170171001434e-048 5.055382847444822e-048 1.520883315294655e-049 -1.895011767202831e-048
 3.921298799975718e-050 -1.062510068560877e-050 -3.245012590488172e-050 -2.540155796324026e-050 -2.246379652354689e-050 1.365852564371869e-051 7.481771543993882e-051 -2.976458813327346e-050 5.881751887637258e-050 -4.819410749504816e-051
 -1.146490603223926e-047 -4.449967804770957e-048 -1.107356229798262e-047 7.15790182629716e-048 5.418530168798031e-048 6.692963769671606e-048 9.383594794989243e-048 -2.495057888699501e-047 -1.152898258032161e-047 -1.665834519304155e-047
 9.653606593242355e-049 2.206858983199182e-049 7.068241332761714e-049 -2.901379846026309e-049 7.670801090699898e-050 -5.857733490644208e-050 1.19793959919635e-049 9.043913018579164e-049 1.131338062240239e-049 -2.346243468269508e-050
 7.81587636894962e-048 -1.001896428202561e-047 4.939055110021081e-048 2.741901518517864e-048 -8.494607291964767e-048 6.417400956444301e-048 6.281622522723066e-048 -1.079052731673148e-047 1.667665619055184e-047 3.619770342572393e-048
 -4.397648498887193e-049 1.997647416715271e-049 -7.184486654074874e-049 3.839175460442244e-049 -2.865804444888663e-049 -3.78323746785553e-049 3.528878716816585e-050 4.359199249795586e-049 7.358602728646712e-049 2.891191509478375e-049
 -4.578105883024021e-049 -1.924914331608764e-048 9.174870792257594e-049 -3.536636264689251e-049 2.255537403911364e-048 -1.816265292422394e-048 -1.666230474627474e-049 -3.364648122983522e-048 -1.279267030847627e-048 1.054486683606226e-048
 -1.310772417331405e-049 -1.243510445437312e-048 1.833195798608304e-047 2.980501570260875e-048 1.493796604358377e-047 -1.044257093575113e-047 2.475471197240968e-047 -2.609353276740982e-047 -4.052820612310628e-047 1.80963331724834e-047
 -8.275381680280254e-050 -3.734378967248994e-050 1.123417974162436e-049 6.707318553786135e-050 1.178286727436644e-050 1.950229716625575e-050 8.951301787492399e-050 1.16637257357083e-049 3.2377070540613e-049 -2.09335793431682e-049
 -2.844027198387608e-049 -1.770096234003059e-048 -5.905089201681645e-049 7.818730651381342e-050 -2.436823149092238e-049 2.097414925481663e-048 -3.401335951585256e-049 1.663593446765447e-048 6.169533274062426e-049 -2.082372764507011e-048
 -5.880188830628565e-050 1.891004217963856e-049 -3.253454664930716e-050 1.090871619026566e-049 5.613156932135036e-050 -1.334329812188534e-049 -2.249306672828218e-049 3.448002338646549e-050 8.201425128275676e-051 3.58663627173884e-050
 -4.793387652039875e-049 -7.813629714429281e-049 -1.993172094977137e-048 2.033003505876226e-049 2.72928719155687e-049 4.224532076571021e-049 1.592296737858108e-049 5.536948930053815e-049 -8.892804684165735e-049 -9.055520196936976e-049
 1.416877135158757e-049 -1.107193488349209e-049 -8.340028888745206e-050 4.387243348728153e-049 5.685729867413206e-050 7.451268732878315e-050 -8.716903011972502e-050 4.71469387279837e-049 -1.593178626152598e-050 -1.131824857146216e-049
 -6.103055890544885e-051 8.490733961262696e-051 -7.673559314533545e-051 -4.213539421889764e-051 -7.886400378291251e-051 5.206041675342595e-051 1.357895957144112e-050 1.818401726392286e-050 -1.443692633872092e-050 1.260209517493515e-050
 1.587107085323387e-048 4.137831196877716e-048 -7.967948554690088e-048 5.481750596077656e-048 -2.064589368781268e-048 2.649111414765287e-048 -3.156333473030278e-048 -6.087908967507917e-048 -2.245343179941631e-048 2.93775621886426e-048
 4.180979139963712e-049 -7.05285716442803e-049 -2.651012446139524e-050 -1.433107830529531e-048 -7.060759323671968e-049 -4.686247317153312e-050 5.416821652066356e-049 2.694103939031671e-049 -8.274202943424196e-049 5.195629192426748e-050


# name: DatT
# type: matrix
# rows: 1
# columns: 50
 4.434442043304443 4.454456090927124 4.442446947097778 4.438443899154663 4.440010070800781 4.413434982299805 4.438945055007935 4.427439212799072 4.434442043304443 4.445449829101562 4.432940006256104 4.441447973251343 4.442455053329468 4.431941986083984 4.444447040557861 4.451955795288086 4.441447019577026 4.438946962356567 4.436443090438843 4.43848991394043 4.429939031600952 4.437942981719971 4.421489000320435 4.434442043304443 4.44595193862915 4.435941934585571 4.434943199157715 4.426436901092529 4.435025930404663 4.449982166290283 4.432513952255249 4.438946008682251 4.465462923049927 4.578538179397583 4.459457874298096 4.463068008422852 4.448954105377197 4.460005044937134 4.429939985275269 4.448951959609985 4.444447040557861 4.782747983932495 4.455955028533936 4.457958936691284 4.445497035980225 4.447451114654541 4.459957838058472 4.457957983016968 4.460962057113647 4.460959911346436


