# Created by Octave 4.2.2, Wed Mar 20 12:10:36 2019 -05 <ubuntu@algoritmosb>
# name: DatK
# type: matrix
# rows: 1
# columns: 50
 2000 2000 2000 2000 2000 2000 2000 2000 2000 2000 2000 2000 2000 2000 2000 2000 2000 2000 2000 2000 2000 2000 2000 2000 2000 2000 2000 2000 2000 2000 2000 2000 2000 2000 2000 2000 2000 2000 2000 2000 2000 2000 2000 2000 2000 2000 2000 2000 2000 2000


# name: DatF
# type: matrix
# rows: 1
# columns: 50
 9.949580495294754 2.984877171279869 5.969754342559742 5.969749304740666 6.964708361833956 15.91932980003542 2.984877171279869 6.964713399653032 13.92941168584884 0.9949590570932898 2.984877171279869 6.964708361833956 2.984877171279869 7.959667418927247 9.949585533113828 4.974795285466449 0.9949590570932898 8.954626476020538 9.949585533113829 7.959667418927246 6.964708361833956 1.98991811418658 6.964708361833956 3.979836228373159 5.969749304740666 3.979836228373159 4.974795285466451 11.93949860948134 3.979836228373159 5.969749304740665 6.964708361833956 2.984877171279869 15.91932980003542 7.959667418927248 11.93949860948133 2.984877171279869 4.974795285466451 5.969754342559742 3.979836228373159 4.974790247647375 3.979836228373161 5.969754342559741 3.979836228373159 8.954621438201464 10.94453955238804 9.949580495294754 6.964708361833956 4.975172359994422 5.969754342559744 10.94453955238804


# name: DatP
# type: matrix
# rows: 50
# columns: 10
 4.934215587092235e-10 -0.9949586384789749 0.9949586377419407 -4.160782494320552e-10 9.173694955316264e-10 1.989912234199654 -5.609901041003703e-10 2.114560010700102e-10 1.989912234899313 -7.824517310015724e-10
 5.214140726932478e-10 -0.9949586381150697 -9.065915312066339e-10 5.042223790334463e-10 -9.437453940606047e-10 -0.9949586380631907 1.603081282749249e-09 -0.9949586368322682 -6.24702626061995e-10 5.96012699540287e-10
 0.9949586390484026 0.9949586368469694 -0.9949586390300662 0.9949586371793996 -8.507240952145654e-10 -4.415235292208543e-10 -0.9949586368816868 2.772067701252443e-10 0.994958637617952 1.1430530476055e-09
 -1.177345425529957e-09 1.341343473017249e-09 -1.209716791414566e-09 0.9949586381446281 3.587060303893592e-10 -0.9949586383293144 1.989912233975126 -2.884707965100924e-10 -1.627450446093736e-09 -1.103341435039084e-09
 -7.652245194803299e-10 7.744423987008546e-10 0.9949586371067284 -1.011328667025945e-09 4.4636341741117e-10 -1.989912233777049 0.9949586363296516 -0.9949586369148159 3.139872476992014e-10 2.329936100830911e-11
 -1.989912234100059 -0.9949586387910273 -3.395286632875287e-09 -1.989912233557481 0.9949586387169423 0.994958638740576 -8.429197849063516e-10 -1.989912232647406 0.9949586383996548 5.453515176193839e-10
 1.33555172240643e-09 0.994958638185818 -0.9949586380349803 1.863993348606834e-10 1.387807952321612e-09 -0.9949586369300699 -7.908023074471597e-10 1.433598663433965e-09 -3.373007241507203e-10 1.525650698758504e-09
 -0.9949586380024404 0.994958637354329 -0.9949586385363312 -0.9949586380471832 0.9949586363419746 -0.9949586384231141 -0.9949586387471522 -1.044641609283606e-09 -8.771490521540392e-10 2.369797159137984e-10
 7.31454966045424e-10 1.792190041069729e-10 -8.17835783571628e-10 0.9949586377478262 -1.989912234986458 -1.98991223291611 1.989912232897779 0.9949586384888924 2.07790047634967e-10 -1.329374548761399e-09
 3.373529046768051e-10 -2.427091144247283e-10 -4.314791556097561e-11 -7.910127303362978e-10 1.588588459533365e-09 -1.45100574158485e-09 -0.9949586384962391 1.524821767416574e-09 -1.657371690903308e-09 1.190775887656461e-09
 0.9949586377237121 8.328766879541263e-10 -1.443671424345795e-09 -6.208314875623701e-10 8.666373632527484e-10 -0.9949586383237843 -7.802088322513891e-10 -4.591592404265937e-10 -0.9949586375602717 6.055694818219986e-10
 -6.031727886096921e-10 0.9949586377520117 2.362353192358683e-11 5.979927244679796e-10 -1.039055330695151e-09 0.994958637417876 -0.9949586372498158 1.989912233539944 1.573567859908617e-09 3.931544966489256e-10
 -0.9949586376714959 -9.785778661238755e-10 -8.506336932033867e-10 8.010781214482452e-10 5.651361071699277e-10 -0.994958637024925 0.9949586393270008 -7.450733172307961e-10 1.33587495869385e-10 1.289814806142275e-09
 -1.227314210432881e-09 0.9949586352755503 0.994958637491174 -0.99495863804707 -1.989912233752421 -0.9949586383772173 1.286137012916432e-09 -1.527712992267063e-09 -2.304220726861518e-10 1.678583381241396e-11
 -5.787619279504912e-10 0.9949586381969658 -8.567393265134845e-10 0.9949586373987056 -0.9949586384715717 0.994958638108854 -1.98991223391885 -0.9949586378748829 5.622418982590416e-11 0.9949586379019512
 -0.9949586374427434 0.99495863802144 1.267600857689795e-09 -0.9949586373469232 -6.441303045242457e-10 2.162223910777321e-10 -0.9949586371611935 4.171900723412596e-10 1.329932959163738e-09 -0.9949586377348886
 -0.9949586374613226 -8.897527420982321e-10 -5.163090866731093e-10 3.237280789027239e-10 -1.568824284001322e-09 -1.395282896389135e-09 1.109990504976595e-09 1.560456759587489e-09 -6.31989869960386e-10 -6.045233838026786e-10
 -0.9949586374914506 1.301619114811167e-09 2.945994598370821e-10 -1.662616087000286e-09 1.98991223501549 1.494717637465753e-09 -0.9949586366064999 -0.9949586353753626 0.9949586372691227 -0.9949586379626331
 0.9949586365083247 0.9949586381559206 -0.9949586373853718 0.994958638307633 6.720606338608125e-10 1.133600221499255e-09 0.994958636879256 -2.088335435351413e-10 -0.9949586371768009 -1.989912234977415
 7.73512995625519e-10 -0.9949586390338361 -2.026892626042624e-11 -0.9949586380119475 -1.179690097647876e-09 0.9949586382738121 -4.348990734028895e-11 0.9949586367026663 1.267937154760522e-09 -1.989912232784161
 0.9949586371515248 0.9949586379175145 -4.157879861753121e-10 -2.830086762504467e-11 -0.994958636045969 -6.187476637021287e-10 1.989912234317612 9.6457165949585e-10 -3.217826507372191e-10 -4.568699640713563e-10
 1.481968134617131e-10 -1.480864852827151e-09 -1.54491962246271e-10 1.20023564233136e-09 -7.318798807968022e-11 0.9949586377020576 -9.607559624207775e-10 -0.994958637558214 -9.044325746045654e-10 7.090085544215278e-10
 1.989912234785409 -6.588537902294364e-10 -0.9949586372511922 -0.9949586382423959 -0.994958637210605 -7.219203819803326e-10 -9.94592019001687e-10 1.317790092236083e-09 -6.262382971819225e-10 -8.555141325832875e-10
 -4.397074398501898e-11 1.114683987283382e-09 -7.135181960096003e-10 -0.9949586375845452 -0.9949586368776447 0.9949586374536814 0.9949586376118524 1.150620347438934e-09 1.865285985627405e-10 -1.382965607211112e-09
 -3.152968212792228e-10 -6.869145460695045e-10 4.780034404852263e-10 -1.989912235271018 -0.9949586370212411 -4.038538732480043e-10 3.506530303747512e-10 -6.160482238714326e-10 -1.44243960176001e-09 -0.9949586368680619
 -1.560747695995734e-09 1.145548306589875e-09 -1.411027449102393e-09 -2.487044007451099e-11 -4.001049193687474e-11 0.9949586364262171 0.9949586370708264 0.9949586383659142 5.367080785688944e-10 -0.9949586387108202
 1.059356312379973e-09 -0.9949586382060873 -0.9949586397639282 0.9949586379671975 -2.942687043839161e-10 8.791978507848548e-10 0.9949586379015265 0.9949586381145341 -1.20522952127397e-09 1.552299487536098e-09
 3.639053999191034e-09 0.9949586369906489 -1.989912234604906 -3.980209917678797e-10 0.9949586366109346 1.98991223382683 7.478607673632271e-13 -8.334595476376306e-10 -0.9949586376272918 0.9949586373597671
 -3.262234129932871e-10 -0.9949586366054403 -8.571553035844193e-10 1.433314566857722e-09 -8.327607188578895e-10 -0.9949586365818439 0.9949586377890401 0.9949586376849414 -1.118375215091125e-09 -3.452332672579833e-10
 0.9949586379113131 6.015762201687724e-10 1.090935759109349e-10 6.516320100057165e-10 4.93551276593513e-10 1.989912234113247 -0.9949586375225603 3.032288426911465e-11 2.372137939137589e-11 -1.094768030094734e-10
 -0.9949586371760732 -3.438972566421771e-10 -6.059257847873867e-10 -4.814741385305886e-11 -0.9949586367029815 1.989912232811481 0.9949586362926546 -1.328294301456525e-09 -9.916186841207512e-10 1.171067370119141e-10
 -7.120532838000343e-10 -1.298140654216724e-09 -1.635349989713741e-09 -0.9949586373792347 1.113352072869704e-09 1.69087170004201e-10 3.917013191226291e-10 -0.994958637561359 1.048264071196969e-09 0.9949586377819345
 -0.9949586364382326 9.888476368076033e-10 -1.989912234649833 -0.9949586390374962 -0.9949586371130185 1.989912234016122 0.9949586371551811 -1.068721419838095e-09 -1.989912233456343 4.661629440745838e-10
 0.9949586377253771 0.9949586374511195 0.9949586355290854 1.565164273064906e-09 8.94718656070607e-10 7.668027501735587e-10 -1.187339021198782e-09 1.36809901753406e-09 1.989912232494186 -0.9949586382797958
 1.287403170493969e-09 -1.334509033039874e-09 1.989912234359064 -1.989912232899749 0.9949586370221871 9.967119546120944e-10 0.9949586372655911 -1.158758791129936e-09 0.9949586392660398 -0.9949586379053322
 -2.201894521780737e-10 -0.9949586378319764 0.9949586385818087 -9.125402584138693e-10 -1.121420861630348e-09 -1.054107142365524e-09 -5.607372376353684e-10 -6.983614584458353e-10 -1.118023978686762e-09 0.9949586376408714
 -1.62688525969932e-09 -0.9949586378959768 1.041302015852092e-09 0.9949586372889848 0.9949586377833191 0.9949586374204157 1.284202078025313e-10 -7.658915221146532e-10 0.9949586385748134 2.12796233511949e-10
 -0.9949586373192262 -0.994958638361766 -1.616268535354713e-09 6.523014140983867e-10 -0.9949586366214919 0.9949586376492078 -1.431572391097823e-10 -0.9949586362408881 0.9949586374122744 1.3953642251136e-09
 -0.994958638102049 -0.9949586368312316 -3.372461017648947e-10 -0.9949586380965589 0.9949586379088761 1.175313491562009e-09 -1.27097441788469e-09 1.247909523231629e-09 -3.241794246196647e-10 1.542686313217544e-09
 0.9949586380092373 -1.406485668080717e-10 1.100573853966237e-09 -1.989912233549894 -9.811839521602144e-10 -9.022672664684795e-10 2.253471954312154e-10 1.163894947726053e-10 9.915828940005181e-10 4.963527540342838e-10
 0.9949586353249281 4.374889811440941e-10 -0.9949586380226525 0.9949586374034235 1.450716818065133e-09 1.026698156974736e-09 -1.388155012438816e-09 -1.105401227939495e-09 -8.783143351670465e-10 0.9949586383218427
 -2.168590630639542e-11 0.9949586357598955 -0.9949586367681176 -7.52997238282798e-10 0.9949586379426087 -0.9949586370304329 -4.253381504303539e-10 -1.519197067450316e-09 -0.9949586372281667 0.9949586371661121
 -0.9949586393011398 1.411072259315549e-09 -7.633047757238122e-10 1.418014974774957e-09 -1.034272105858405e-09 -0.9949586364303474 -0.9949586382046715 0.9949586372196272 -1.341772106825231e-09 -5.754934850181542e-10
 1.865423613220127e-13 5.270930918007309e-10 -0.9949586370312836 -1.989912234764758 -1.98991223431294 1.498272308755199e-11 -4.753543203135201e-10 1.432912072630811e-09 -1.045145110116888e-09 7.813859879756809e-10
 1.489513720314755e-09 1.655274707438582e-09 8.325659145157079e-10 1.989912233227885 0.9949586383480432 0.9949586363163345 -0.9949586373128853 -1.989912234270832 1.153763974175339e-09 -1.039685778556362e-10
 -5.618208679742016e-10 1.395393318056647e-09 -0.994958637416793 1.989912234071727 1.989912235087507 -1.470862715217584e-11 -1.325813601518111e-09 -1.728152869964382e-10 0.9949586372765347 3.50780007179228e-10
 0.9949586382573571 0.9949586380186844 0.9949586371964274 -6.537615507652472e-11 -1.08387293127793e-09 5.139074507675634e-10 1.321903733355805e-10 1.48833214265742e-09 -1.989912234066787 8.17001443863701e-10
 0.9957385877763645 -0.0002507981754207063 0.0007974954811243192 -0.0001657638281619143 -5.080894648198865e-05 -0.0004832937648005336 -0.0001283776269827458 -0.0003541816074035574 -0.0002858897316812034 1.989548805171376
 -1.021624206369644e-09 -0.9949586369823353 6.992144209679737e-10 7.589877477305442e-10 -0.9949586399497343 -0.9949586359392635 0.994958638445775 -5.735740130001573e-10 0.9949586376803843 0.994958635771592
 -1.989912234152899 -1.012831669543556e-09 -0.9949586382358447 -0.9949586372808026 -0.994958636241067 4.836857908200755e-10 -3.003979646820163e-10 5.290482877172408e-10 -1.989912234526408 2.334624945666484e-10


# name: DatT
# type: matrix
# rows: 1
# columns: 50
 4.072160005569458 4.33333683013916 4.081040143966675 4.361072063446045 4.065555095672607 4.09557318687439 4.111275911331177 4.532885074615479 4.066683053970337 4.328516960144043 4.067268848419189 4.063705921173096 4.089545011520386 4.064921140670776 4.058501958847046 4.067543029785156 4.079560995101929 4.322935104370117 4.061543941497803 4.495813131332397 4.090312957763672 4.074606895446777 4.116971969604492 4.070787191390991 4.06122899055481 4.067953109741211 4.075861930847168 4.063910007476807 4.064731121063232 4.067291021347046 4.097126007080078 4.511404991149902 4.062751054763794 4.338274955749512 4.064032793045044 4.071923017501831 4.077142000198364 4.180675983428955 4.522162914276123 4.062901973724365 4.068587064743042 4.062465906143188 4.064177989959717 4.059247016906738 4.059314012527466 4.068907022476196 4.071115970611572 4.071387052536011 4.067095994949341 4.066802978515625


