# Created by Octave 4.2.2, Wed Mar 20 12:07:09 2019 -05 <ubuntu@algoritmosb>
# name: DatK
# type: matrix
# rows: 1
# columns: 50
 2000 2000 2000 2000 2000 2000 2000 2000 2000 2000 2000 2000 2000 2000 2000 2000 2000 2000 2000 2000 2000 2000 2000 2000 2000 2000 2000 2000 2000 2000 2000 2000 2000 2000 2000 2000 2000 2000 2000 2000 2000 2000 2000 2000 2000 2000 2000 2000 2000 2000


# name: DatF
# type: matrix
# rows: 1
# columns: 50
 7.959667418927246 4.974795285466449 6.964708361833956 8.954626476020536 12.93445766657463 15.91930960332096 4.974795285466451 12.93443746986017 5.969749304740666 12.93443746986017 6.964708361833956 8.954626476020536 2.984877171279869 7.959667418927245 8.954621438201464 7.959672456746322 4.974795285466451 5.969754342559742 5.969749304740667 9.949585533113829 0 4.974795285466453 7.959667418927246 5.969749304740666 7.959667418927246 9.949585533113829 3.979836228373161 1.98991811418658 10.94454459020712 4.974795285466453 8.954626476020538 14.92437074294213 14.92435054622768 15.91930960332096 11.93949860948133 5.969754342559741 3.979836228373161 7.959667418927246 7.959667418927248 10.94454459020712 3.979836228373161 7.959667418927246 6.964708361833956 6.964708361833956 9.949560298580298 6.964713399653032 5.969749304740666 7.959667418927246 10.94453955238804 4.974790247647376


# name: DatP
# type: matrix
# rows: 50
# columns: 10
 3.467751487028612e-10 5.257212358092561e-10 0.99495863678569 0.9949586376439987 -0.9949586380888027 0.9949586379400396 -8.305198456328058e-10 -1.989912231605641 8.710453986390554e-10 7.760815820348576e-10
 -0.9949586364614484 1.159815573195041e-09 1.405207501850342e-09 0.9949586365884499 1.090566285959612e-10 0.9949586386471188 -0.9949586365651447 -5.190543279987806e-10 2.335129631303753e-10 -0.9949586375203762
 -0.9949586368858708 9.841699341626049e-10 -1.286506749686105e-09 0.9949586370069198 0.9949586389976292 -1.274270113492008e-09 -3.153874262010708e-10 1.077400023926556e-09 -8.703245632609469e-10 1.989912233517196
 -0.9949586367262777 3.201514655350675e-10 1.41313582474186e-09 -1.155575512695393e-09 -1.989912232547898 -0.9949586368093218 -5.333371874015512e-10 -0.9949586369242023 -0.9949586381299614 -0.9949586377594032
 0.9949586368766343 0.9949586381526587 5.738995899993828e-11 -0.9949586380807139 1.989912232970508 -0.9949586368563355 7.302230891075158e-10 1.508941400690081e-09 -0.994958637160929 1.989912233132338
 2.984855701333924 1.547407712891468e-09 0.9949586368393103 -1.079953300269453e-09 -4.101705448617938e-10 -8.92042545750799e-10 0.9949586382886905 -1.989912233678644 0.9949586378480282 4.783992659355669e-10
 0.9949586376939458 0.9949586383720528 1.086580265175409e-09 1.832488298354824e-10 1.403602476085776e-09 -0.9949586373767637 -0.9949586361398253 0.9949586379590206 -7.348784193643252e-10 -7.638265022100354e-10
 -4.873647401629052e-10 1.938585110093573e-10 -4.369001128278973e-11 -9.740787489542589e-10 2.98485570319563 -0.9949586375568795 -0.9949586362445079 -2.221433667820887e-10 0.9949586369976163 0.9949586349579977
 1.213159897669832e-09 1.153488435025315e-09 -0.9949586376091056 1.989912232429329 -4.340031533817129e-11 2.801603713805082e-10 5.438923012149965e-10 -3.161090502432251e-10 -1.952729620868472e-10 0.9949586372479904
 0.9949586381502189 -2.984855700732813 -1.206699748916194e-10 3.49045523424127e-09 -2.187200854342272e-10 7.715248261648408e-10 -0.9949586366398128 0.9949586355145678 -0.9949586354814502 -8.103491671015158e-10
 1.377371357075307e-09 6.638939329497249e-10 -0.9949586372986007 -0.9949586383455103 7.043403250225936e-10 -1.98991223468201 -1.161110142034648e-09 1.485588188641034e-09 -0.9949586386051629 7.121242935431685e-10
 7.487074508500027e-10 -1.989912235587254 -0.994958637187855 -0.9949586374470104 4.422916493035055e-11 0.9949586391469206 -0.9949586392510008 -0.9949586374659156 9.389796018255656e-10 1.086710462084644e-10
 -0.9949586379116239 9.289203254594833e-10 2.363829431139715e-10 -3.342631726773471e-10 6.129741333126942e-10 7.681113901234643e-10 -0.9949586369125083 -0.9949586379507294 -1.457300706785901e-09 -1.440074359886146e-09
 -0.9949586371548018 1.989912233281025 0.9949586383313364 1.293414067684918e-09 2.526670689535601e-10 -2.481252793429741e-10 1.20940257926165e-09 -3.769698502941847e-10 0.9949586379080307 -0.9949586372645735
 1.9899122351495 -1.329382553749187e-10 0.9949586369266171 1.640267855448163e-10 6.885184364491636e-10 -7.465671324131095e-10 -1.989912234314643 -8.319790777039704e-10 1.154206331349683e-09 8.306199925539691e-10
 -0.9949586379958418 -0.9949586377841482 -0.9949586350321811 0.9949586373700017 -5.427983385965657e-10 0.9949586386548047 -0.9949586369051197 1.208216900899394e-09 -0.9949586386558791 0.9949586367918911
 1.169236728792893e-09 -0.9949586376450092 -2.110216696630037e-10 3.281323382172835e-10 -9.240724654538429e-10 0.9949586388131089 0.994958636988286 1.139311336094918e-09 0.9949586370788098 0.9949586400047551
 0.9949586373785116 0.9949586378498093 0.9949586376300897 -1.139483562545668e-09 -3.475657813145652e-10 -0.9949586353346929 -5.441099001774303e-10 1.372271454300954e-09 0.9949586377209823 -0.9949586370612535
 1.031830013304848e-09 9.594591513496552e-10 -1.989912231610273 0.9949586370953004 1.225574570743474e-09 -0.9949586373586092 -9.76587570555032e-10 1.675310501026991e-10 2.901036011639081e-10 -1.003320007686251e-09
 6.132341405498159e-10 -1.989912231911026 -3.416647604044974e-10 7.526480508103578e-10 -0.9949586377100043 -0.9949586386827902 0.9949586385528707 -0.9949586387082315 0.9949586383678558 0.9949586394394321
 5.12673349464802e-10 -8.303532167528533e-10 -1.246046118509654e-09 -3.056948905557579e-10 -9.157269053654346e-10 1.34871802656683e-09 -5.130882294911819e-10 -1.038032292355564e-09 2.574425058303923e-10 6.479473089252453e-10
 1.249752057946389e-09 -0.9949586395963476 -0.9949586379108489 -1.273926285149473e-09 -0.9949586354331663 -1.499830112208225e-09 6.100158630806881e-11 -0.9949586381686787 -0.9949586388011755 -1.202847189554941e-09
 0.9949586372960209 -1.386012294297289e-10 1.553219947298793e-09 0.9949586371986162 4.050055370803353e-10 -1.989912233879199 -1.002196105660696e-09 -0.9949586373450245 0.9949586376114151 -4.473080955712451e-10
 8.915389708046008e-10 1.266804282886005e-10 6.855329267344796e-10 -1.274530595483313e-09 1.989912232885931 2.40482439903678e-10 -0.9949586373561177 5.567301158650384e-10 3.970031385011856e-10 -0.9949586371879353
 0.9949586382228893 -5.018690392867844e-10 -1.177867012380088e-09 -1.989912234135038 -0.9949586386166678 -1.246647991231488e-09 -7.583826325478135e-10 1.311007535643047e-09 0.9949586384653515 0.9949586378424403
 -0.9949586372034769 -0.9949586386182316 -6.806642514295145e-10 0.9949586365319282 -0.9949586382916938 0.9949586352372375 -1.989912231791898 2.753535399950255e-10 -2.008098228747515e-11 -0.9949586372750341
 4.726940731762243e-10 -0.9949586385388902 -2.70125779475393e-11 -0.9949586374890821 -4.481800142184518e-10 -3.593830227856894e-10 0.9949586362207805 -0.9949586365902189 4.342060477653663e-10 -1.545028342911442e-09
 1.242778764904542e-09 3.159650792352921e-11 6.04890252075335e-10 -7.055273597516531e-11 1.099252837407126e-09 6.624670486412519e-11 0.9949586365122954 -9.212575982446505e-10 0.9949586371221673 -1.009400020988226e-09
 -0.9949586376458616 0.9949586384121135 1.989912234147445 0.9949586382000384 -0.9949586392106017 -1.509840128878971e-10 -0.9949586368062991 -0.9949586388902738 1.565384459779246e-09 -0.9949586366329588
 -1.363198988158164e-09 4.208305716292254e-11 -0.9949586350688105 -8.708050175700269e-10 -3.247218246160105e-12 0.9949586397569771 0.9949586381650899 -7.3635108120344e-10 -0.9949586379636759 -0.9949586372284379
 -0.9949586384614888 5.961518584829693e-11 0.9949586387578644 -1.98991223299399 0.9949586374657469 -0.9949586392980706 1.270136550490264e-10 -3.302454809847597e-10 -0.9949586374556836 -1.086437165035216e-09
 1.436305017397343e-09 -2.667342163046481e-10 1.028124872792003e-09 1.989912233939276 -0.9949586374256941 1.989912234198374 1.989912232156414 4.44090002227888e-10 0.9949586389661202 -0.9949586360901388
 0.9949586362037589 8.662001981568369e-10 -1.989912234387498 2.984855702052204 1.512452780936112e-09 -5.44621304842784e-10 -1.564827288527206e-10 0.9949586389040438 9.88317222738832e-10 1.666875794005179e-09
 -7.156701850618099e-10 0.9949586376710888 2.984855700192314 1.507869953846591e-11 -7.095519897860951e-10 3.32836676392499e-10 0.9949586374554115 1.989912232196813 0.9949586382637365 5.852116400449146e-10
 0.9949586366922804 -1.989912233795564 0.9949586384931923 -1.183235832707734e-10 0.9949586367145254 -1.98991223316558 -1.342302786486408e-09 -1.392260953969461e-09 4.486111112614663e-10 -0.9949586374656832
 -0.9949586385278907 -4.976002099998083e-10 -1.273271862963107e-09 -0.9949586379338862 -1.267799483582015e-10 4.888540609472899e-10 0.9949586380338243 0.9949586368976104 0.9949586378215124 0.9949586358335301
 4.452700303681689e-10 -1.472659519266617e-09 3.345249261022133e-11 0.9949586369641513 1.063619290691749e-09 -1.632809626339144e-09 -0.9949586382481369 0.9949586378801381 3.717556332985228e-09 -0.9949586371624343
 0.9949586374586 -1.989912232314841 -1.322876086074989e-09 1.192527053075924e-09 1.055392872263368e-09 0.9949586380965499 1.412559324945178e-09 0.994958638141575 0.9949586374505776 -6.609403368153645e-10
 -5.748853019942914e-10 5.198331400321061e-10 -0.9949586384597822 -3.724839188507855e-10 -7.916463064367322e-10 1.98991223506102 -6.675385468218777e-10 0.9949586380574948 -0.9949586367499442 -0.9949586378349677
 -0.9949586369861647 1.98991223391446 3.412757432102022e-10 0.9949586377826218 0.9949586389976077 -0.9949586376022677 -0.99495863775847 -2.505553415076308e-09 0.9949586379258655 0.9949586387474381
 1.478740230047003e-10 1.188402270912839e-09 3.356109060652039e-10 0.9949586383184416 1.504962826391416e-09 3.523215404520822e-10 -0.9949586353592532 0.9949586382111104 0.9949586387262993 4.183004760306937e-10
 -0.99495863887762 -1.989912233498767 0.9949586375130249 0.9949586366882514 -1.676563567495452e-09 0.9949586369223232 -7.85818834962017e-10 6.046238008035986e-10 2.184812700873857e-10 -4.506993664986974e-10
 -0.9949586376397959 -1.359312134788654e-09 1.590493226955877e-09 -1.989912234865793 -1.22426936056706e-09 0.9949586385836101 -3.093654229880596e-10 0.9949586385034689 6.445311770447442e-11 8.926053836041416e-10
 -3.090504060236318e-11 -3.193419911403091e-10 -1.429055483085367e-09 1.989912233423351 -1.163980332330378e-09 -0.9949586385147702 -0.9949586379239043 9.793072532824838e-10 -0.9949586380354043 -8.480447537242077e-10
 -1.037444219705511e-10 -1.590273263992598e-09 1.412202680017138e-09 -7.953983714099111e-10 1.421830712803895e-09 -0.9949586374116434 -2.9785232497011e-10 2.984855701000615 -1.111063915505317e-09 -4.88370797644938e-10
 -7.889589157600861e-10 -0.9949586368616006 -6.039024336121399e-10 -0.9949586379006903 0.994958637616066 -2.774752076713126e-10 0.9949586382146659 -0.994958638101793 -0.9949586385521088 -0.9949586355450036
 1.989912234152543 5.618760393489076e-10 4.961469802897318e-10 -1.172449013070571e-09 -6.031723088638158e-10 -8.548973468521569e-10 2.765750339957617e-10 -0.9949586377157942 1.335041370583057e-10 0.9949586381658809
 3.072685769424193e-10 -1.989912234032329 0.994958637230916 -0.9949586378708034 1.167627388835488e-09 9.572994189749837e-10 4.48219366756844e-11 1.349850263961968e-09 -0.9949586367754062 -0.9949586370157627
 7.785168198401222e-10 1.515920607656044e-09 -0.9949586368022982 -1.989912234987478 -1.360475736966022e-09 0.99495863788295 9.072484592288688e-10 3.091607259602655e-10 -1.989912233519847 0.9949586369667653
 0.9949586385831762 5.491725999772197e-11 1.989912232855236 8.485820561318006e-10 1.121725589765572e-11 1.419741401474018e-09 1.384902279779842e-09 -6.697377380764788e-11 -5.028275727142699e-10 7.706515784819928e-10


# name: DatT
# type: matrix
# rows: 1
# columns: 50
 4.051906108856201 4.065375804901123 4.098601818084717 4.065072059631348 4.077961921691895 4.073598146438599 4.505258083343506 4.079360961914062 4.058007001876831 4.075553894042969 4.06735897064209 4.066162824630737 4.086330890655518 4.061241865158081 4.056787967681885 4.077150106430054 4.078475952148438 4.07194709777832 4.062242031097412 4.073562860488892 4.05168890953064 4.075759172439575 4.167259931564331 4.070436954498291 4.07898998260498 4.069355010986328 4.058166027069092 4.064512968063354 4.066851139068604 4.112466096878052 4.051626920700073 4.067790985107422 4.063297986984253 4.364899873733521 4.328214168548584 4.351366996765137 4.076126098632812 4.083932876586914 4.342883110046387 4.074916839599609 4.052551984786987 4.083377838134766 4.07710599899292 4.074711084365845 4.061676979064941 4.062237024307251 4.07260799407959 4.07997989654541 4.064344167709351 4.074218034744263


