# Created by Octave 4.2.2, Wed Mar 20 12:03:44 2019 -05 <ubuntu@algoritmosb>
# name: DatK
# type: matrix
# rows: 1
# columns: 50
 2000 2000 2000 2000 2000 2000 2000 2000 2000 2000 2000 2000 2000 2000 2000 2000 2000 2000 2000 2000 2000 2000 2000 2000 2000 2000 2000 2000 2000 2000 2000 2000 2000 2000 2000 2000 2000 2000 2000 2000 2000 2000 2000 2000 2000 2000 2000 2000 2000 2000


# name: DatF
# type: matrix
# rows: 1
# columns: 50
 0.06892730691232185 0.06402197218091965 0.09345891715479282 0.05416225053452695 0.1476627017196017 0.04920779806998321 0.06150430349387914 0.02710569282478104 0.06642430329781801 0.02215614366871532 0.06145767324361062 0.09353248375065903 0.186993763753675 0.07621053752142504 0.09105413184392797 0.0615116921844393 0.1057356436154231 0.06397286472237074 0.1378103954610792 0.1107023863866854 0.08859782180886133 0.08856825859301987 0.041814311919673 0.08360893260360125 0.08115010220094176 0.1303333879975733 0.08127527232769505 0.07623498382029192 0.04674409425996284 0.02957677361363598 0.06644881468781971 0.08123101800199439 0.03936775190274977 0.04436640481843734 0.03938243524316642 0.1427476960805494 0.01968999800484805 0.09830285937182459 0.1032621939293261 0.1573924192997058 0.09098036757928729 0.06400229430084026 0.09842059109545187 0.09594959518845303 0.1254011663491198 0.1156003028483854 0.1303701636253771 0.08125319913860674 0.04675882264491149 0.04671472621620043


# name: DatP
# type: matrix
# rows: 50
# columns: 10
 8.927710821417941e-09 8.876887693575739 5.433246978942237 -6.270642167492616 7.00729406593785 8.816838732692145e-09 -5.108458610346992e-09 8.850360628853192 4.383615972460326e-09 -1.9254526536789e-09
 -3.140022432311826 4.438443932407939 -10.86649478797839 6.270642551962533 9.595019963628264e-09 2.894594703246293e-09 8.28288021635572 1.63874231254509e-08 2.067017607362884e-09 1.240111665496825e-08
 6.280044357809356 4.43844317509693 -5.43324582742789 6.270640430805523 1.683035796794985e-08 -1.622401558072166e-08 8.282875250900808 8.850355620227299 -1.491640434546808e-08 -9.885151643941208
 6.280044917289338 -4.438443983027044 -1.037476259249572e-09 -6.270642685312626 -7.007294739390682 -3.465059203312632e-09 8.282880473266669 9.672402586199419e-09 -6.358280896680752e-09 2.747585081219983e-09
 -7.565793016128852e-09 -8.876885732066796 1.556667121004624e-09 12.54127983202177 14.01458254334746 -2.245240663509913e-08 8.282872943393258 2.216032524645046e-08 -9.382543226008014 6.897908283096057e-09
 -8.547528267124355e-09 4.438443885648337 1.177598317083495e-08 -1.350862470213037e-08 7.007294421203221 -7.672279596879516 -8.282879917102482 -6.072629332601977e-09 -2.603536197742249e-08 7.696966260707809e-09
 -3.140022358658969 -4.438443713837712 -5.433246806822266 -6.270641943173481 -3.179236404868519e-09 7.672278689932096 1.411967063433805e-09 2.362472690367459e-08 -9.382551670867281 -2.257171240453492e-08
 -6.280045177708295 1.215633123425481e-08 -5.433247992616256 6.270643737220904 -2.051944599645852e-08 1.587732257148162e-08 -3.24473044253053e-09 1.045894329572831e-08 -2.785832757878353e-08 1.325904896691489e-09
 3.14002233984206 4.438443659207275 1.105970155949735e-08 -6.270641733861314 -7.007293436376345 7.205822487080827e-09 -8.282878323848159 -8.85035939088316 1.703018488896712e-08 -1.349615597752886e-08
 -7.526528723828563e-09 7.452765780972236e-10 -8.260173797014885e-09 6.270643558197375 7.007295975522538 1.551576875793329e-08 -1.31470695161472e-08 -7.440361528753065e-09 1.861048705600896e-08 9.163454190623733e-10
 -1.318287209036382e-09 -4.438443512159661 1.65636003506363e-08 -1.886787500672234e-09 -2.208490179367814e-08 7.672277593832811 -7.74885216438396e-09 8.850358271463127 -9.382549707469947 2.855985986533659e-08
 -6.280044571876202 -4.438443483483229 10.86649320338587 1.132073139993844e-08 7.007292847544261 -7.67227759043207 -1.403941867475534e-09 -2.071669038863759e-08 9.382549621661273 1.222935122276964e-09
 -9.420065473646725 -4.438442172525949 10.86648833595231 -1.426555903668729e-09 14.01457742001251 -7.67227070028641 1.629025459018818e-08 8.850347676815673 -9.382537068771313 9.885140507746097
 3.140022206363176 -4.43844327672708 -1.720231568360716e-08 6.270640721288136 7.007292002446166 -1.838662579974874e-08 6.883867193372648e-09 -2.629305574706214e-08 -9.382547542691935 9.885152803551131
 -9.420066837860412 7.480486021078533e-09 5.433246329877349 6.270641204778367 -7.007292675449279 -7.672277314286523 -1.461501697790461e-08 -4.969275399854396e-09 1.812484329406263e-08 -9.885154731565985
 6.280044753090479 4.438443733204889 -1.004622857100808e-08 -6.270642022837045 1.31992989003798e-09 -7.67227883902687 -1.89360411683779e-08 2.688481918169754e-08 9.382551955173671 1.341917903317174e-08
 -3.140022079894734 4.438442901298945 -2.883994857174326e-09 -6.270639663057931 7.007290542055387 7.672274516718988 8.282873516189937 8.850353550241836 1.31512882076898e-08 -9.885148681467982
 -3.140022363196529 4.438443724741573 -9.794528193558015e-09 6.27064193376693 -7.007293710305313 7.672278709924996 -2.384440215386597e-08 8.850359937512117 -5.28213946809167e-09 9.297681148805123e-09
 -3.140022072062311 8.876885875641948 -5.433245327830582 -12.54128029678138 7.007290504448449 -7.672274471287928 2.497453654464371e-08 8.850353447595319 9.382544009477717 -7.024009123507968e-09
 -6.280044256959681 3.939878204762685e-09 10.86649156873701 -6.27064004616353 -1.60540772832661e-08 1.06514156886172e-08 8.282874435082221 -8.850354650457012 -2.84574062160898e-08 -9.885150247445649
 -3.14002228538379 -13.31533083634096 -6.574406617037702e-09 1.760229447177792e-08 5.809542801606843e-09 -1.677226695062744e-08 8.282877368480666 -1.087089572900925e-08 -2.856289236483897e-08 -9.885155261985171
 3.14002223417678 3.207979501068846e-09 -5.433246179696104 12.54128291133819 -1.802859419400958e-08 7.672276880430108 -1.383731480651437e-08 2.041880556192459e-08 -2.91980859738096e-08 -9.885153794331584
 -3.140022434678307 2.475382663860327e-09 -5.433247209157933 -6.270642548395218 2.221037546349336e-08 1.089799866652218e-09 -1.884687827159995e-09 1.504589292527697e-08 9.382553722547547 2.447024686387382e-08
 8.037220905946236e-09 4.438443262002063 1.065902532674329e-08 6.27064065594779 -7.007291915275634 7.672276356798911 -8.282875807246141 -1.672587552720484e-08 1.277531792154091e-08 -9.885152624264968
 -3.140022219163712 -1.603560901820637e-09 -4.940912031012612e-09 6.27064077212005 7.00729209172603 -7.672276537935404 9.133460883250732e-09 -8.85035661713745 9.382547759293034 -1.218700874235073e-08
 -5.76651276488903e-10 -8.876885229226225 -8.193684938687296e-09 -1.928788281302597e-08 1.137474733009153e-08 7.67227278261633 -8.282871308737032 -17.70071271428179 1.572620786988471e-08 -1.596360096377399e-08
 -6.280044826458655 4.438443842189971 10.86649449329824 6.270642315120516 -7.007294251316379 7.672279380914641 5.541314556189924e-09 2.70218032357525e-08 2.658646888163978e-09 2.239613556915149e-08
 -3.14002224373181 -5.495453704355739e-09 5.433246210039059 6.270641015173762 1.808684692656046e-08 -7.672276991741 -4.06067116650971e-09 8.85035729838906 9.382548574621779 2.172985163050888e-08
 3.140022432170547 7.948474927454247e-09 8.262738463558845e-09 -1.654770973167992e-08 -7.007294471058941 7.672279679381271 8.282880009089865 2.097849351686365e-08 -2.98336001739785e-08 -3.232041970029314e-08
 3.140022589027729 -8.87688881410307 5.433248028842915 -1.082095380346978e-08 4.000819912392675e-09 1.550291619464401e-08 9.811786452728397e-09 2.925969067434092e-08 2.755793960648562e-09 -1.566010415162401e-08
 -4.371678462256948e-09 -4.438443750603111 -5.43324688110093 6.270642036626396 7.007293870629452 -7.67227890444692 -8.282879005340238 -2.553796011519167e-08 1.146813960630418e-08 -2.391541713905457e-08
 3.140022338176994 -4.438443656866978 1.361720791682202e-08 -6.270641758911032 14.01458911025687 -7.672278389035437 -3.058690836008247e-09 1.90851861060126e-08 2.0552927881521e-08 1.254852170483195e-08
 -3.140022465906902 -1.23267046597573e-08 5.433247371812399 6.270642796987614 -1.468933463804823e-08 -1.28367644080797e-08 -1.48966074853848e-08 8.850362357425546 -2.5462407788047e-08 1.430915489328194e-08
 9.420067748297098 -4.438444297716914 -5.43324790577127 6.270643597846639 -2.22369299408498e-08 4.579798130479981e-09 1.892313479787166e-08 1.333481744431122e-08 2.059627630553964e-08 1.698296112353187e-08
 -3.140022499599999 3.126264672019468e-10 -2.44515438120943e-09 -6.270643000946164 -7.007295179788605 7.672280603861889 1.696679690863068e-08 -2.04824498173857e-08 -8.820544531074185e-09 1.881426658539934e-08
 -3.865121485168159e-09 13.31532906964502 5.433245347154989 1.423324057112645e-08 14.01458323883137 1.507361207649475e-08 8.282873534336337 1.546970054653044e-08 -2.148992398110307e-08 -9.885148731606545
 -7.293374090279855e-10 -4.438444294683519 1.265341784477052e-08 8.369578502023664e-09 1.763198916522534e-08 -7.672281697660588 -7.704678714524251e-09 1.118100637203261e-08 -2.752686749561538e-08 1.42205902807719e-08
 -3.140022027408753 1.125348732545359e-08 -1.297253251445481e-08 9.567300249191573e-09 -7.007289996755222 1.165184240304971e-08 -8.282872623427924 -8.850352437703087 9.382542752548728 9.885147197179105
 -3.140022068948178 4.438442882921312 5.433245285166133 6.270639581159704 7.007290410735962 -1.171873392625951e-08 -6.86557685499799e-09 -8.850353292995266 9.38254377303501 -9.88514838856873
 -3.140021826049663 4.438442197435766 -5.433244044947251 -6.270637675928832 14.01457767102406 -6.21540539368857e-09 8.282868920985894 8.850347915063383 9.382537385254004 9.885140897742973
 -1.003527699200846e-08 -5.771826899309744e-09 5.433245731924617 6.270640273690915 1.681271610505264e-08 7.672275641187849 -8.282874921669665 8.850355222484991 -9.382546078827987 1.973724479349298e-08
 2.825885272800555e-09 -1.150224146372178e-08 5.433247065786655 12.54128558826785 4.132516211203005e-09 9.256779782557137e-09 8.282879604158506 -2.431329770035525e-08 -2.683698097207246e-08 1.394498477797633e-08
 3.140022239197604 -8.876886664908687 2.576711860989271e-08 -6.270640803248046 -7.007292105611672 7.672276532092176 8.282875939408738 -2.060656012236057e-09 9.382547662090008 -8.349197532235459e-09
 -3.140022213058622 -8.876886638543532 5.433246022877303 -6.270640716526164 -1.611156130854584e-08 -7.672276412437011 8.282875904950966 -1.50033539076882e-08 -1.986919454276019e-08 -9.885152761334155
 -7.273699900474252e-09 -8.876885244782764 5.433244743751243 1.857488213073452e-08 -1.121068232225044e-08 -7.672272822224985 8.282871390701857 8.850350921239965 9.382540974157322 9.885145099743024
 1.297387984195234e-09 8.8768858532073 5.433245289230504 1.271740732575861e-08 7.007290449217338 -7.672274376910925 -8.282873369934654 8.850353365111181 -3.057981189236658e-08 -9.885148441597602
 -6.280044040220271 -8.109671315443952e-09 5.433245014241319 1.333138232076747e-08 7.007289836298885 -15.34455126751047 6.170808465964076e-09 -8.850352124081216 -9.382542386235505 -1.407689256690225e-08
 6.280044762909337 8.876887573979641 5.433246887495066 -1.084923818610554e-08 -7.007293859090136 7.672278890370529 8.28287904433998 1.332272485646482e-08 -1.078740824092986e-08 1.647914677943655e-08
 8.346176770916704e-09 -1.060453897604474e-09 5.43324730295811 -6.270642667602869 -7.007294731343251 -7.532417813151948e-09 8.282880410009877 -1.883897807703034e-08 5.154852457536897e-08 2.528652364403586e-08
 -3.140022388902924 4.438443768771504 -5.146231729787728e-09 -6.280146099554688e-09 1.369961602868679e-08 -1.659361048454326e-09 8.282879181100324 -9.293129369700669e-10 9.382552287896909 -1.197507091510489e-08


# name: DatT
# type: matrix
# rows: 1
# columns: 50
 6.331760883331299 6.339665174484253 6.329414844512939 6.331799983978271 6.359572887420654 6.33475399017334 6.347939968109131 6.329027891159058 7.608257055282593 7.594889163970947 7.846168041229248 7.61421799659729 7.787556886672974 6.341903209686279 6.319988965988159 6.343686103820801 6.811584949493408 6.34437084197998 6.372514009475708 6.349747896194458 6.31201696395874 6.414079189300537 6.323968887329102 6.333222150802612 6.330276012420654 6.324299097061157 6.381736040115356 7.063732862472534 6.312090158462524 6.580566883087158 6.322264909744263 6.331616163253784 6.351830959320068 6.321575880050659 6.34638500213623 6.310461044311523 6.320550918579102 6.326008081436157 6.316906929016113 6.327513933181763 6.317579030990601 6.324609994888306 6.44350004196167 6.313971996307373 6.32048487663269 6.33771800994873 6.332813024520874 6.321249008178711 6.360854864120483 6.337785005569458


