# Created by Octave 4.2.2, Wed Mar 20 12:25:27 2019 -05 <ubuntu@algoritmosb>
# name: DatK
# type: matrix
# rows: 1
# columns: 50
 2000 2000 2000 2000 2000 2000 2000 2000 2000 2000 2000 2000 2000 2000 2000 2000 2000 2000 2000 2000 2000 2000 2000 2000 2000 2000 2000 2000 2000 2000 2000 2000 2000 2000 2000 2000 2000 2000 2000 2000 2000 2000 2000 2000 2000 2000 2000 2000 2000 2000


# name: DatF
# type: matrix
# rows: 1
# columns: 50
 6.661338147750939e-15 3.108624468950438e-15 3.108624468950438e-15 3.108624468950438e-15 1.646223633103107 3.108624468950438e-15 3.108624468950438e-15 1.155148502709823 3.108624468950438e-15 3.108624468950438e-15 3.108624468950438e-15 3.108624468950438e-15 3.108624468950438e-15 3.108624468950438e-15 3.108624468950438e-15 3.108624468950438e-15 3.108624468950438e-15 3.108624468950438e-15 1.155148502709824 1.155148502709824 3.108624468950438e-15 3.108624468950438e-15 3.108624468950438e-15 3.108624468950438e-15 3.108624468950438e-15 2.013315236255791 3.108624468950438e-15 3.108624468950438e-15 1.155148502709823 3.108624468950438e-15 3.108624468950438e-15 3.108624468950438e-15 3.108624468950438e-15 3.108624468950438e-15 3.108624468950438e-15 3.108624468950438e-15 3.108624468950438e-15 3.108624468950438e-15 1.646223633103107 3.108624468950438e-15 3.108624468950438e-15 3.108624468950438e-15 1.155148502709824 3.108624468950438e-15 1.155148502709824 1.155148502709824 3.108624468950438e-15 3.108624468950438e-15 3.108624468950438e-15 3.108624468950438e-15


# name: DatP
# type: matrix
# rows: 50
# columns: 10
 1.950394434783733e-15 -3.147495199671456e-15 2.919654867289067e-15 -2.417944269178028e-15 -1.623860984049416e-15 -2.807393367352241e-15 -2.827797976468603e-15 1.29199966550206e-15 3.350437585981554e-15 1.695774250897808e-15
 3.037035085285113e-15 1.388647441561168e-16 1.431390660126162e-15 -1.792678652335872e-16 1.574911524651575e-15 1.573843618212503e-15 -7.699085199383168e-16 6.656633045764035e-16 -4.795748607145125e-16 7.576690060882996e-16
 5.407698397091113e-16 -1.119445625321896e-15 -2.978010196030189e-15 2.37947107095212e-16 5.034810781890265e-16 -1.582479696223233e-15 -3.608422557019402e-16 -8.488673489128252e-17 1.577991734823395e-15 -8.576852437533466e-17
 3.757239218213472e-16 -7.242086157454612e-17 -3.183418509376603e-17 2.672650202223074e-15 -7.715858288454981e-16 9.145617063940704e-16 2.192524456018818e-15 -1.558850987356163e-15 1.76574370947449e-15 -1.914438086217376e-16
 2.749603521560775e-09 -5.807776131921883e-09 1.094927610767649e-09 -3.562304983748643e-09 0.9175370987110555 2.582763095564225e-09 2.396226770304952e-09 1.347966390895172e-09 -4.353370369816729e-09 0.9175371050094439
 1.478125648815138e-15 -6.723836282088825e-16 7.643984108873398e-16 1.518257937316904e-15 8.721311450135334e-16 1.435894229389796e-15 1.929271074662646e-15 -1.435521048948181e-15 -5.001534855606249e-16 1.976018354917547e-15
 7.380815098151988e-16 4.53939258188601e-16 -2.631278196390445e-16 -1.0742776680963e-15 -7.589321823108807e-16 2.258812346829156e-15 3.011043569142542e-17 -8.60294231217384e-17 2.450502042821112e-15 2.627908957173328e-16
 4.499053342729057e-09 2.092788493667801e-09 3.459726795715499e-09 1.799854285340012e-09 0.8714068142382055 -3.863814379931822e-09 1.983147170102484e-09 1.060419916186615e-09 1.498842222613521e-09 1.959553989390497e-09
 2.892926926754414e-16 -2.118684211480383e-16 -1.360438251588958e-15 -1.171542735970515e-16 7.598083666830678e-16 -1.087744967518933e-15 1.313111538012516e-16 1.397399269522681e-15 -1.643541659014398e-15 -1.616831717303218e-15
 -1.134389775828834e-15 7.22425706800049e-16 1.659692735915786e-15 -9.44082121614802e-16 -1.504064353148648e-15 -1.077196910172649e-15 1.952443985672033e-15 6.778391229964252e-17 -7.336017442570615e-17 2.505553918117018e-15
 2.239541986130816e-15 -7.528444876720629e-16 1.140005391301089e-15 4.897834649830177e-16 -1.796723821620959e-15 2.073044054355443e-15 -9.663987219041898e-16 2.722477233554443e-16 -9.727778597810369e-16 3.091412854924897e-16
 2.138790276182492e-15 1.18082168480541e-15 -1.418328006912906e-15 -6.279336617663664e-17 1.038662515610287e-15 -5.734848197148792e-16 -7.709881577393265e-16 -1.842517398139622e-15 -5.950310225086553e-16 2.190321447184349e-15
 8.453474748495505e-16 2.688571545802232e-16 2.434233567905842e-16 -8.242609873684548e-17 2.339546479493991e-15 1.21237340778599e-15 2.36474416604101e-16 2.939218577262482e-15 -1.19827055522435e-15 3.458076962703887e-16
 -2.08189219907215e-16 -1.559451423510096e-15 -4.350183354279444e-16 5.584494861349258e-17 1.08274460474046e-15 -9.429971919826467e-16 -3.363793738805777e-15 -4.944268221481815e-16 -1.363669423251814e-15 4.27678645134898e-16
 -3.707751369852672e-16 1.628269412383714e-15 1.113529704140309e-15 9.857309401912504e-16 3.743072689244102e-16 -1.118731988444254e-15 -5.639985941487354e-16 -2.586282928344208e-15 1.493722826337667e-15 -8.201271651345509e-16
 1.758718019693234e-17 1.784165402440242e-16 1.542205000591301e-15 4.093590528848723e-16 9.009196241719029e-16 -5.887318300391424e-16 1.576577643523958e-15 6.072344431116597e-16 -2.832428982834034e-15 7.691708698323865e-16
 -8.002733453846565e-16 -2.180636454485115e-15 -4.541634071865345e-16 -1.756466321245785e-15 9.167011774930234e-16 -1.019357485088944e-15 1.927007982108768e-15 2.08141347514536e-16 -1.335039529879011e-15 1.108948083182883e-15
 -1.061618725002922e-15 -1.149574715566992e-15 9.067314699855936e-17 1.614721795252746e-15 -9.361470568355205e-16 -3.185452210202493e-16 -1.586267871902843e-15 -1.499783473957183e-15 5.023030157902164e-16 -3.288295797496329e-16
 -3.152485996071164e-09 -1.26628952490237e-09 -0.8714068080790015 6.473573739792527e-09 -3.510103119344607e-09 2.769181634771725e-09 2.544645182279781e-09 4.327031791815866e-09 5.835546416045274e-09 5.837895099942858e-11
 -3.518472633642823e-09 9.089167012436137e-10 -0.8714068162310269 1.494129180251478e-09 -1.98458611185944e-09 -2.646278884441544e-09 -3.686467784266501e-09 6.647323920394147e-09 -5.672184452910352e-09 3.252139522163954e-09
 -1.678709556227559e-15 -4.698180372129719e-16 2.688230231847576e-16 7.730882124634287e-17 -2.252340297378673e-15 1.082912381651358e-15 5.113157660555252e-17 1.802060231541466e-15 -4.196465920437412e-16 2.382578320674028e-15
 1.012734056175447e-15 -1.022111415427083e-15 1.247559898699744e-15 1.327518888257513e-16 9.961730561403805e-16 -1.624157630973079e-15 -1.855684160210232e-15 1.412684841511659e-15 8.813544565073935e-16 8.075185942859769e-16
 -8.297505618400279e-16 6.135876164478724e-16 -1.115404876285361e-15 -7.354630511452177e-16 -2.015704080785381e-16 1.480765570977682e-15 2.557141259146822e-15 -1.592657388442964e-15 1.134840875416455e-15 -5.070329807241571e-16
 2.120733007011744e-15 -1.686255204372678e-15 1.966483867099799e-16 -1.506611779018827e-15 9.54266866103473e-16 -6.10377392734744e-16 1.768782044652534e-17 2.436821057765947e-15 -2.11164619950443e-17 -1.162501242527176e-15
 2.037842990610318e-16 1.335450885276244e-15 6.193951753038492e-16 3.288557635969412e-15 -2.333912733090251e-16 1.54177097921477e-15 -3.152587168662278e-16 7.363134233308556e-16 5.086262724649399e-16 -2.924626399157025e-16
 -7.780061704266023e-10 -1.630312838860903e-10 -0.9352847190179607 3.908590786590865e-09 -0.9352847191833323 -1.290675180873667e-09 1.373970004082782e-09 0.9352847142286715 -3.472000099669665e-09 3.064602392410784e-09
 2.288355084696723e-15 1.511556268348619e-15 -4.373724193998175e-16 1.632170900248775e-15 -6.918274417827552e-16 -1.253255102485207e-15 2.4260708633527e-17 -1.009180341366198e-15 1.469873670802157e-15 -5.888049997812413e-16
 8.625412990888568e-16 5.740084883247588e-16 -5.255956864037471e-16 4.173008372749272e-16 1.008871315165402e-15 2.613676457055032e-15 9.693611970556913e-16 2.025276395024344e-15 -4.344521416466832e-16 4.967815454075694e-16
 2.401511691235947e-09 1.306413521430297e-09 -2.588249436686569e-09 0.8714068199659497 -2.060604771288982e-10 4.406940969782229e-10 1.489497025628875e-09 1.442390850844427e-09 1.221479416146034e-09 2.707392513832189e-09
 1.216093441867327e-15 2.474212706850069e-15 3.695670318158177e-16 5.02297031011427e-16 7.054555603663137e-16 2.007422325261802e-15 8.037531244165229e-17 1.682049331764395e-15 1.360839226288931e-15 -4.126997744357134e-16
 -2.92509093698935e-16 1.488424724944142e-15 2.034876693682134e-15 3.605768355056518e-16 7.792357300836695e-16 -1.736548576475216e-15 -3.285188442364366e-16 3.349485323609399e-17 1.57909707052782e-15 -1.208497775569842e-16
 -6.776958592840605e-18 3.563650493524209e-16 -1.899328143506375e-15 -1.226264698355914e-15 1.13189279121904e-15 9.367020055617828e-16 -1.161449905308712e-15 -1.686857784675937e-15 -1.962754374555326e-15 -1.145652141742072e-15
 -7.068223050546175e-16 1.667382998588046e-15 1.627338830548651e-15 -1.880387391172873e-15 2.589778489155555e-16 -1.826663726614401e-15 -2.839888604545606e-16 1.169755837630789e-15 -5.43558723417885e-16 -6.833608262010723e-16
 3.371369497268371e-16 2.016799676541109e-15 1.62396889373909e-15 -3.96926484796494e-16 1.50515476407498e-15 2.068507589921675e-16 3.835128456938663e-16 4.666318509028844e-16 -2.679922880085566e-15 -4.676982746491687e-16
 7.447143458599308e-16 -2.848138132983316e-17 1.343057213410454e-15 -1.644804819054695e-15 1.28474163486521e-16 7.11366284919299e-18 -7.363542516260421e-16 -2.339762128100359e-17 -2.573321805345363e-16 -2.772827877716499e-15
 3.049327851400125e-15 3.808669221000544e-16 7.788332703659103e-16 -1.016102465859816e-15 -7.231119800583434e-16 -9.296870284463772e-17 -2.065668027445499e-16 -1.340181085063987e-15 4.698451699739384e-16 4.059395833184228e-16
 2.984270391001631e-15 4.533333981334701e-16 -7.309919487748725e-16 -7.41371664493241e-16 1.076128738341878e-15 -1.535194487276839e-15 -2.378812753856319e-16 -1.251210608785819e-15 -8.078902091289092e-16 -8.94319192739383e-16
 7.668469986200109e-16 2.031161423136351e-15 1.490486621238605e-15 -1.912051466552656e-15 -6.433273654973404e-16 8.617014776239008e-17 -1.201710363857419e-15 -1.758819954876165e-15 -1.856184357485392e-15 3.501759023188097e-16
 -1.257413783041692e-10 1.028529572224665e-09 0.9175371032053005 -3.019789014900207e-09 3.738176989884127e-10 4.177016508539347e-09 0.9175371016163842 -4.241225542789196e-10 -1.198910229488017e-09 5.577212904099162e-09
 8.729598682533692e-16 -1.411817111163564e-15 4.28467749043509e-16 -3.751676693877309e-16 -2.87483201590868e-18 1.987601994168119e-16 -2.381224721736137e-15 -2.556450085900605e-16 2.499463745495083e-15 -1.669820821551921e-15
 1.518766408546925e-15 -6.944612166115551e-16 3.559747510334338e-16 8.755435894191078e-16 -3.59028788355827e-16 -1.753351732251265e-15 1.564016847165487e-15 1.090236479966319e-15 3.472145947996652e-16 -2.349429463204544e-15
 -3.66785093819776e-16 -7.191646277753903e-16 -1.249966063559555e-15 -2.355782565760534e-15 4.666171724690809e-16 6.597181587709049e-16 -6.683955424604901e-16 -2.097302427702932e-15 1.534378010091823e-15 1.198729590686484e-15
 4.245153483643197e-12 2.135620146871515e-09 -1.127163566439921e-09 -2.012330675858884e-09 2.905913083049221e-09 -3.802188352351054e-09 1.846372123514457e-09 0.8714068207740235 -2.916887873839915e-09 5.24203478964582e-09
 -7.794660068469144e-16 6.351358624082439e-16 6.316818466363093e-16 2.629962702335733e-15 -1.283954796340851e-15 2.977866147830588e-16 2.51313127458386e-15 -5.575948662301942e-17 1.236047143916779e-15 3.910662432575486e-16
 -1.730366440192137e-10 1.625732912801009e-09 1.607108522957167e-09 2.131147429702871e-09 -4.792755682987247e-09 0.8714068162642368 2.006122998194251e-09 -3.812572857191538e-09 5.119229824927793e-09 -4.192256181216067e-09
 2.796773352675847e-09 2.440971428344219e-09 1.320810665165218e-09 6.994103961170298e-09 -4.674709781135755e-09 2.941650049241268e-09 0.8714068130826016 -2.743339195515177e-09 5.914564491548466e-09 6.044914334813175e-10
 1.689452853774546e-15 1.834474401676626e-16 3.76613181637522e-16 -1.644125488566016e-15 8.673745346744358e-16 8.616775260774064e-17 -1.057626450689258e-15 1.813368554379117e-15 2.364411019014193e-15 -4.422635922192314e-16
 1.39207304556406e-15 -2.115713079090342e-15 -1.01074730248394e-15 1.470547171591747e-15 1.321242552940604e-15 -1.443498475627967e-15 -1.697189754768226e-15 -1.057675811511046e-15 -1.218150162371688e-15 -1.264502507776444e-16
 4.597389821163426e-18 -1.059725964360445e-15 3.058599877835234e-15 1.225308782057154e-15 2.410466352795497e-16 -3.161269247204737e-16 -6.769682954910939e-16 4.381816949619642e-16 9.721654291801994e-16 2.113377705154677e-15
 1.93741891517575e-16 -3.712639887835128e-16 -4.337973458143054e-16 -1.218566871459939e-15 2.896132853666754e-15 2.713704811266006e-15 -1.069982328657004e-16 -9.931361111247351e-16 -4.384014927189983e-16 3.116794838185223e-16


# name: DatT
# type: matrix
# rows: 1
# columns: 50
 6.562922954559326 6.303585052490234 6.571036100387573 6.397511005401611 6.331048965454102 6.308043956756592 6.567022085189819 6.312574863433838 6.309029102325439 6.309751033782959 6.29566502571106 6.565181016921997 6.316174030303955 6.326896905899048 6.824634075164795 6.289844989776611 6.553956031799316 6.290925979614258 6.299291133880615 6.322073936462402 6.5730299949646 6.315438985824585 6.325746059417725 6.649564981460571 6.305373907089233 6.568182229995728 6.318007946014404 6.311315059661865 6.321937084197998 6.311299085617065 6.313835859298706 6.322343826293945 7.070181131362915 6.300211906433105 6.313967943191528 6.307170867919922 6.739317178726196 6.310018062591553 6.315442085266113 6.311519145965576 6.317353010177612 6.626061916351318 6.32693886756897 6.329009056091309 6.321249961853027 6.311078786849976 6.306518077850342 6.318814992904663 6.315351963043213 6.310590028762817


