# Created by Octave 4.2.2, Wed Mar 20 12:15:24 2019 -05 <ubuntu@algoritmosb>
# name: DatK
# type: matrix
# rows: 1
# columns: 50
 2000 2000 2000 2000 2000 2000 2000 2000 2000 2000 2000 2000 2000 2000 2000 2000 2000 2000 2000 2000 2000 2000 2000 2000 2000 2000 2000 2000 2000 2000 2000 2000 2000 2000 2000 2000 2000 2000 2000 2000 2000 2000 2000 2000 2000 2000 2000 2000 2000 2000


# name: DatF
# type: matrix
# rows: 1
# columns: 50
 5.851292366269452 0.5578402199763394 0.1206644328781575 0.6551685807990286 0.8373708324059503 0.2364527573558055 3.102059713648323 0.0509869333298231 0.01072896381344738 0.8226183596997243 0.04102661207173475 4.225811497068974 4.638939837002286 1.81203944089751 1.480736058799058 0.1648984849689265 0.2147802859880864 0.1525720420320638 2.036486100309676 0.4623744338436503 4.456481284562265 0.03029764061145973 4.730030217492816 2.358498437274543 0.2836859932581446 0.06269897462255553 1.263253226438092 0.6302372223945488 0.5537286367191803 0.9539726592724409 0.4907213888684596 0.1726312906554732 0.09304448579253946 0.03134948731127776 0.06806345730187631 0.06059528122498843 1.751448888443953 2.585742989920425 0.8806215588961761 0.3681934856559989 0.252868010185215 0.3475073529517729 5.304709678772378 3.496054502740942 0.06269897462398821 0.3836525395476093 0.07342793843600876 0.1844826363915955 0.92449806697411 0.03671396921800531


# name: DatP
# type: matrix
# rows: 50
# columns: 10
 4.035307052304772e-13 -2.148551336355345e-13 -1.356140217334842e-31 -2.01082530446905e-31 1.43691493819813e-21 -2.444039596358506e-23 -2.48633907087253e-20 1.845113417989378 -4.690280412644324 -1.845113394016576
 0.0009627109952646661 4.131880499062885e-32 -5.501876915794624e-31 2.486721087140632e-32 -0.05737165227353645 4.293433472889648e-32 -1.362723534971066e-31 1.026460672739423e-31 -0.0002209256012361304 -0.0009370189018153425
 -3.862198219717617e-34 1.883595940505103e-34 0.00298223558495806 9.545625886255873e-33 1.727121216954626e-33 6.222425125882711e-34 -6.076895097370531e-31 -1.157402861858234e-31 2.552816553348299e-05 5.612134580527561e-06
 -0.0001744145872713241 0.0001356011490736666 -0.09730526578042094 -1.284642815945897e-33 4.46841883253837e-34 -3.081627272577516e-34 -8.106277729310343e-34 -2.564300066396564e-34 1.734097912260762e-33 -0.0002209231453355556
 -3.249554297733147e-24 4.464443624814061e-23 8.706023066973866e-13 -1.547000177017525e-23 -1.576184430846205e-32 5.256173154800893e-32 0.05737154552682511 -0.0001483836991307701 0.03176992739521929 -0.0001561255425487795
 9.479191705142388e-31 1.015322863943534e-32 8.5272145467284e-32 0.0009627113590552046 1.035136058091891e-32 1.071358280754826e-31 6.051233876625436e-32 -0.007478668426003508 6.064864440247219e-35 -3.269764055888781e-35
 2.335681976188041e-27 1.311828220974552e-26 -8.681168889207127e-30 8.863364763381889e-31 -0.007480273633785868 -4.925973464017156e-06 0.3622296166970696 -0.647040824732793 0.3622296099859809 0.0005068733807728141
 -2.611843958127918e-05 1.613182412606893e-25 -1.319836641986422e-23 2.510047064610785e-24 1.388836610615318e-16 8.731214397322495e-24 2.122172526700306e-23 -0.0002114069307105902 9.210210811919373e-05 -0.0002001079392038258
 3.121112333048081e-38 2.324846409702969e-38 7.332270203563683e-37 5.804350736751474e-37 2.613781541587327e-05 5.415153133304579e-37 2.583281630253281e-37 -1.473021982325022e-37 -3.000528242702507e-37 5.214530789059139e-37
 1.256679899826888e-33 -1.949892123611877e-34 1.934521481819295e-33 0.05737165229349551 -6.495909202517647e-34 4.229948312358074e-33 4.484815947411995e-33 0.007480274979858265 -0.01442049582600786 0.007480276328792887
 -1.131533957319307e-35 -8.980593206213117e-36 6.839620858617565e-36 -4.639861294909445e-37 1.547913774081203e-24 0.0002209230964239734 -1.487022818483453e-06 -2.611667697369126e-05 2.945596910478384e-34 -4.534902180373433e-35
 -7.772191289198331 0.5103402492750625 -0.123063253030367 -0.09730531277228507 -5.351209772096984e-33 -1.934727415047719e-31 -1.113671325917465e-30 7.630198205726116e-31 7.678916084410248e-31 9.81398886934921e-31
 20.07068109897167 -2.352496130437382e-05 -1.139144017671378e-05 -2.352084804792274e-05 1.140889894775848e-05 0.0009554770522042512 -0.00290756275505803 -1.437905717692554e-21 1.22615411576359e-21 6.654795314597973e-21
 1.037016874393783e-32 -1.822208117254775e-33 -2.61378140854242e-05 4.766394513247149e-09 -0.7415336106098698 -0.0002209251783060558 -4.25137026111386e-07 -0.0009627109826000518 8.044996638987946e-32 -3.1825032943524e-32
 -0.6470406259193163 0.3622299646344371 -7.403919978375065e-25 1.503880156955249e-27 1.109828382834045e-25 4.126826964045953e-25 2.2111693659752e-05 2.211213014678999e-05 -6.544949781029403e-28 7.665353781812101e-25
 3.655009671074448e-24 1.054312448089879e-24 5.647600710864319e-24 -8.482380004058182e-33 6.642026773195313e-33 -2.296278688428539e-33 -2.018058856848163e-16 0.002982221118757524 -1.020878742971823e-05 0.002982215115281692
 -7.7492203845511e-06 2.496176409753889e-05 -7.746934427038262e-06 -0.0002208530965549031 3.578227717827454e-22 1.876451870263503e-21 1.283248285273574e-22 -0.007480288935068522 9.542639743366825e-24 7.783630221822425e-23
 -0.00686008677500428 0.002982234247487213 -2.716562216725067e-06 -2.606736352649712e-05 -7.0117691966372e-34 1.399765706804961e-33 1.648132187127623e-34 4.306723903009372e-35 -5.709886030360767e-35 -8.940712767499674e-35
 4.626018971615908e-05 0.0002160280459995504 4.625897043825101e-05 0.05739982024729227 0.07846660360500515 -0.522051686374772 -1.834651850718117e-32 7.611295188902645e-33 -1.655562966296422e-32 1.050424757033084e-32
 -2.654832549600954e-34 1.859148254596498e-33 7.013573021051281e-35 2.443201324310056e-34 -2.058968735171031e-33 -0.002980890077451865 -0.0001268377119554361 -0.007479199266315909 0.0001268548832950306 -0.03177003925719803
 -0.002982235306686151 1.116158068008027e-06 -0.002982235829737828 -2.485039793576974e-12 4.240965333609202e-09 2.420497625703231 -7.751869829738769e-32 4.727145233018478e-31 3.791618340107196e-19 1.387365281510793
 -2.776348221827908e-34 -3.64264950276928e-35 -3.282135075224133e-35 2.522662414519805e-36 -3.718391136363418e-35 5.39112625621357e-35 0.0002209255983630908 1.402077298383855e-34 -2.387117234324728e-35 -7.773731788300775e-36
 -0.007036588978683681 -0.03098125057160245 0.007036590334047922 0.09705055475179784 1.493206718420782e-23 1.304622353808626e-24 -1.119098022669752e-23 6.007876553963729e-24 5.588228457898968e-24 14.03914636085077
 0.0009370188962813215 0.0002209256024553508 2.31972880145898e-32 1.184767998385521e-32 -2.523630084969251e-32 1.704331227145991e-32 4.046772897253495e-32 -0.524968316119746 0.5237178510220843 -0.03621250499381994
 -9.21151241668809e-05 0.002980812598367181 -9.211565375819338e-05 -0.007479707651044217 -4.572574167478338e-31 -2.358462445870516e-30 -3.134439138174513e-31 5.282876674346651e-30 -1.004860026850771e-30 1.099371676686963e-29
 -1.781067367127824e-35 -7.008937864807521e-36 -3.024642585446543e-35 1.24317325463183e-34 0.0009627110456029748 2.476158537243407e-35 3.920667807997065e-35 -1.165076710557374e-35 1.762680516621275e-35 3.145240126959867e-35
 -6.673059055710354e-32 -4.861151155556358e-34 -2.59379152574777e-32 2.613780449601448e-05 -2.513813557633452e-08 -0.0009627110249051364 2.947902194229875e-07 -0.1568849515474342 -1.917496304413096e-05 -0.1568849510851937
 2.614002177786617e-05 2.694883679097603e-28 2.091731226062974e-28 -1.736838571533878e-27 0.09733175489450037 1.321803674894174e-33 -2.356769428360646e-34 2.413044669345061e-33 1.760286007717058e-28 -2.943686471388471e-28
 -1.344504715500419e-31 -8.677917440937383e-31 4.343355801544909e-30 1.532155285184294e-22 2.604331260795896e-23 -0.0002169898796204785 5.944990226053914e-05 -0.0002086871301745614 -7.251086873626421e-05 0.2425993526562859
 0.7415336390135309 -1.017266339458569e-29 -9.786783918803875e-29 -3.226801281758185e-29 5.134008312355566e-32 1.340262661385097e-29 2.367946226167477e-32 1.251772059889354e-32 -2.613780476709378e-05 0.007480229157476568
 3.54686007814567e-28 -5.102006157172903e-26 6.906267428043908e-27 -2.342221865729355e-25 -2.61378155318725e-05 1.078512921750607e-09 -0.05737165183761959 1.498855265175352e-23 4.293622337806234e-24 3.114480270169702e-25
 4.402673201062801e-07 0.0009627109646129912 -1.208396937689221e-07 -0.002982235633331069 2.215756109694832e-19 -8.289140742033809e-33 -1.079573653808421e-32 -3.938298494506783e-34 7.617787376200653e-19 1.024942388766664e-21
 -2.120696016955941e-26 3.14384720117639e-23 1.590794461355053e-32 1.007206604325746e-33 -1.49781141285607e-33 -3.205241933723664e-34 -0.0009626914396315139 -8.675780977756168e-06 -0.0002158444001439404 6.708294836791322e-05
 -0.0009627110412827264 -6.668015734407387e-36 -5.113568999495057e-37 -2.280858761811645e-37 1.340237695220924e-36 8.193443032902715e-37 -1.7892553268064e-36 -2.241996884700544e-36 -6.900437919427292e-36 -9.242142110869018e-36
 -2.591287983319215e-05 0.0009623622293523852 2.614611867445727e-05 -3.501330566020813e-35 1.850695610958709e-35 6.162981596926898e-31 -1.028077807508841e-29 2.539668853935293e-31 1.40421615488882e-30 -3.112579414993558e-20
 -8.065454111043282e-07 0.0002209241271423891 -1.228448000962426e-35 6.421400723439514e-35 -0.0002209255988962873 -2.724709705698267e-35 -5.369170222018703e-35 7.682217917938466e-37 8.864256086748583e-36 -7.123184898896358e-36
 -2.020870826865431e-31 -2.332003439091386e-31 1.55974595501731e-31 0.09581212895031482 0.02429035742761971 -0.150851915923362 -0.05679926999866775 -0.002983258026836261 -6.578135159207476e-10 -2.613781235192817e-05
 4.960885932182021e-31 -4.19071484093455e-31 -1.507591118401353e-30 1.387365289336508 -1.906785486532811e-30 -1.95822265551994e-31 2.685981010526265e-30 0.002982234061181938 -0.006860086769026944 0.002982234323428778
 0.003078382384823916 0.01595140472493928 -0.003072362257765998 -0.09728106662414424 -1.85796273507381e-28 1.157168167916107e-27 2.339923208522634e-29 -2.117621733639957e-28 -1.193625042874752e-33 7.741372090650103e-34
 -2.514597975427078e-09 -7.063079417083692e-10 0.03175296503377489 -9.769450205694417e-26 -4.007422858202237e-25 7.505147581101536e-21 2.613750364872379e-05 -2.22272221579073e-21 5.058587372228571e-21 -4.66730167227543e-21
 0.0002209255986055541 4.616285218682582e-31 4.242982370175183e-31 -1.093941586805086e-30 -4.785614874728836e-31 5.300808707125078e-31 0.002941105078075912 0.007202026454846785 -2.614029848740756e-05 1.292154186364808e-11
 1.286396407899607e-30 1.20187321391604e-31 -5.74225918804402e-31 -1.01320755020119e-30 -0.00747984735681758 -2.532364432453839e-31 -4.945863753868605e-31 -4.566563215116088e-31 0.007480274815924979 -5.672015939249527e-07
 28.01699089429124 -6.194752763502377e-09 -2.613781043237951e-05 1.041197010148177e-22 -9.334524174693855e-24 -1.204746709116637e-23 -7.206421720253113e-15 -1.244674528517011e-26 2.103436802428033e-23 -2.830832250649756e-23
 -0.0002974449044558426 0.3622299541267284 9.656582540570956e-18 1.490852837064101e-17 4.378189017988481e-17 -1.91704030761642e-19 -0.0002209255903322924 7.767869817404777e-08 -0.0002209255808126572 -5.040124241688385
 -1.267959365666748e-36 1.582924135854182e-35 -2.212766224378462e-35 1.842457922352994e-35 6.623179402033019e-35 0.0009627129495166441 1.964004638306992e-36 2.739041382953754e-35 -5.097861556229055e-36 -9.499091118065058e-37
 0.0001021080998478918 0.0001959133892963949 0.0001021080288167457 0.0162449998860096 4.131031671547507e-33 -4.968165002215906e-33 2.613778919687219e-05 -4.716677086858336e-32 -2.875146565978514e-32 -0.007480274829470728
 -1.465583502594449e-33 -2.468515898354261e-34 -9.631095049719139e-34 -0.0009627109262636963 -3.883588498734623e-09 2.613781501934447e-05 -1.828685773616883e-33 -6.228727763050574e-35 -4.753311203070103e-35 -6.117072480123828e-34
 3.11585955489825e-25 2.199304809420905e-29 -6.543872904313749e-29 -0.007480270450422526 -2.522593305819188e-26 -3.062475875424019e-25 6.938651143665889e-28 1.23048429622061e-29 2.613781686434178e-05 -1.417940776564833e-09
 6.659583974269814e-08 -0.000975794608715235 -4.272511361773531e-29 -2.542033384580666e-34 7.277567374010565e-35 7.59804994538797e-28 2.660149419470628e-29 -3.162815513891738e-29 1.135827287874233e-28 -0.7415336332019616
 -2.613782503304506e-05 -4.781737011856048e-36 6.405808191802162e-36 2.328057049368625e-30 7.747072366159762e-36 -9.152228652933412e-36 2.365541403234351e-35 -5.865828501835895e-36 4.854325722175113e-36 0.0009627110492953572


# name: DatT
# type: matrix
# rows: 1
# columns: 50
 5.531497001647949 5.453150033950806 5.58963680267334 5.401635885238647 6.219357967376709 5.544670820236206 5.904059886932373 5.896869897842407 5.465572118759155 5.944958925247192 5.484338045120239 5.407692909240723 5.788241147994995 5.524547100067139 5.77817702293396 5.628300905227661 5.530968189239502 5.723829030990601 5.494918823242188 5.744772911071777 5.725291013717651 5.476455926895142 5.734447002410889 5.426423072814941 6.151186943054199 5.695883989334106 5.981233835220337 6.025532960891724 6.185642957687378 6.058253049850464 5.591698884963989 6.397289037704468 5.52479887008667 6.206623077392578 5.54637598991394 5.711153030395508 5.448414087295532 5.932832002639771 5.799445867538452 6.363383054733276 5.497151851654053 6.073251008987427 5.541019916534424 6.085283041000366 5.87651515007019 5.415580987930298 5.532390117645264 5.654762983322144 5.482467889785767 6.022666931152344


