# Created by Octave 4.2.2, Wed Mar 20 11:44:00 2019 -05 <ubuntu@algoritmosb>
# name: DatK
# type: matrix
# rows: 1
# columns: 50
 2000 2000 2000 2000 2000 2000 2000 2000 2000 2000 2000 2000 2000 2000 2000 2000 2000 2000 2000 2000 2000 2000 2000 2000 2000 2000 2000 2000 2000 2000 2000 2000 2000 2000 2000 2000 2000 2000 2000 2000 2000 2000 2000 2000 2000 2000 2000 2000 2000 2000


# name: DatF
# type: matrix
# rows: 1
# columns: 50
 -377.5249379892267 -377.5249379892267 -377.5249379892267 -391.6616570377142 -391.6616570377142 -349.2514998922518 -377.5249379892267 -377.5249379892267 -349.2514998922518 -391.6616570377142 -363.3882189407393 -363.3882189407393 -377.5249379892267 -391.6616570377142 -391.6616570377142 -391.6616570377142 -377.5249379892267 -363.3882189407392 -363.3882189407393 -335.1147808437643 -363.3882189407393 -377.5249379892267 -377.5249379892267 -391.6616570377142 -349.2514998922518 -349.2514998922518 -363.3882189407393 -363.3882189407392 -349.2514998922517 -363.3882189407393 -377.5249379892267 -363.3882189407393 -363.3882189407393 -363.3882189407393 -377.5249379892267 -349.2514998922518 -363.3882189407393 -363.3882189407393 -377.5249379892267 -377.5249379892267 -377.5249379892267 -377.5249379892267 -377.5249379892267 -391.6616570377142 -377.5249379892267 -335.1147808437643 -377.5249379892267 -363.3882189407393 -391.6616570377142 -377.5249379892267


# name: DatP
# type: matrix
# rows: 50
# columns: 10
 2.746802760755944 -2.903534020931285 -2.903534030475787 -2.903534028129246 -2.903534005456808 -2.903534013299322 -2.903534042051383 -2.903534059994774 -2.903534029560765 -2.903534058003355
 -2.903534026955204 -2.903534021322032 -2.903534049688806 2.746802779767581 -2.903534022961217 -2.903534005529874 -2.903534039690351 -2.903534024276772 -2.903534068751495 -2.903534007829589
 -2.903534017652992 -2.9035340219468 -2.903534036471857 -2.903534026763767 -2.903534008412615 -2.903534032760267 -2.90353403188782 2.746802780119092 -2.903534029035765 -2.903534025248371
 -2.903534024160191 -2.903534024569985 -2.903534019141006 -2.903534047171288 -2.90353403192997 -2.903534016919317 -2.903534053963166 -2.903534050671294 -2.903534038583925 -2.903534052618109
 -2.903534033397445 -2.9035340223232 -2.903534000525448 -2.903534011391878 -2.903534029637361 -2.903534030735993 -2.903534054456036 -2.90353403393451 -2.903534039944113 -2.903534040440944
 -2.903534025832986 2.746802765018517 -2.903534020847799 -2.90353402212492 -2.903534024838508 2.74680277503247 -2.903534020606975 -2.903534039271066 -2.903534000194871 2.746802765144079
 -2.903534027032549 2.746802761226236 -2.903534043146024 -2.903534042962536 -2.90353405858427 -2.903534053870314 -2.903534006300218 -2.903533990363364 -2.903534021362816 -2.903534031376524
 -2.90353400557771 -2.903534025391035 -2.90353403738344 -2.903534043530099 -2.903534035313094 2.746802790316296 -2.903534023997408 -2.903534002840915 -2.903533991169347 -2.903533990872999
 -2.903534029714961 -2.903534009614279 2.746802780758563 -2.903534025839138 -2.903534036048703 2.746802769488478 -2.903534027548102 -2.903534030020362 -2.903534021555465 2.746802756119982
 -2.903533998058955 -2.903534034379829 -2.903534033879031 -2.903534043058951 -2.903534035723514 -2.903534019031282 -2.903534035460537 -2.903534002685863 -2.903534000204833 -2.903534004811378
 -2.903534019289082 -2.903534006476489 2.746802758753455 -2.903534018440122 -2.903534042953118 -2.903534013818271 -2.903534031780162 2.746802763648307 -2.903533982428149 -2.903534061402645
 -2.903534022006898 -2.903534039310262 -2.903534045345789 -2.903534010404874 -2.903534052357207 -2.903534003578343 -2.903534028731292 -2.903534027862764 2.746802764371251 2.746802742757607
 -2.90353402932198 -2.903534026855891 -2.903534003757516 -2.903534043242696 -2.903534037231244 -2.903534056181736 -2.903534036819294 -2.903533986932299 2.746802803100712 -2.903534043127928
 -2.903534020754531 -2.903534016568934 -2.903534021771951 -2.90353401659236 -2.903534038249042 -2.903534026609912 -2.903534029734552 -2.90353406614287 -2.903534050115359 -2.903534028834426
 -2.903534021362998 -2.903534027764777 -2.903534018012888 -2.90353405315713 -2.903534031904434 -2.903534022616877 -2.903533995372944 -2.903534023372945 -2.903534026859522 -2.903534026373551
 -2.9035340405732 -2.903534011849702 -2.903534025610911 -2.903534041895478 -2.903534040218122 -2.903534021983519 -2.90353402536026 -2.903534034762518 -2.903534035774099 -2.903533995865227
 -2.903534018050245 -2.903534032862482 -2.903534018156061 -2.903534011791869 -2.903534002570018 -2.903534017210806 -2.903534047485027 2.746802753705671 -2.903534046067718 -2.903534054137398
 -2.903534013165735 2.746802766790954 2.746802762968494 -2.903533980427749 -2.903534054797376 -2.903534005248726 -2.903534017707825 -2.903534031806594 -2.903534021081319 -2.903534043797968
 -2.903534017215604 -2.903534020630597 -2.903534036158937 2.74680279292313 -2.903534035466572 -2.903534026485262 -2.903534028641892 -2.90353401947693 2.746802767464435 -2.903534004907825
 -2.903534011652697 2.746802753989196 2.746802786629265 2.746802782300961 -2.903534011686468 -2.903533996585655 2.746802746709372 -2.903534020502208 -2.903534041720877 -2.903534048607026
 -2.903534040446896 -2.903534027547538 -2.903534002303787 -2.903534023292702 2.746802771790559 -2.903534057763681 -2.903534052581756 -2.903534065906297 -2.903534049506085 2.74680274587101
 -2.903534038358774 -2.903534036241042 -2.903534020335653 -2.903534010818754 -2.903534021999896 -2.903534042585805 -2.903534026416581 2.746802798422245 -2.903534057952025 -2.903534035949527
 -2.90353403211053 -2.903534012277174 -2.903534021323733 -2.903534020392555 -2.903534023517435 2.746802779575905 -2.903534032195792 -2.903534056249071 -2.903534051902758 -2.903534037913397
 -2.903534034610867 -2.903534037928363 -2.903534007455265 -2.903534046248594 -2.903534010835244 -2.903534033311928 -2.903534037211263 -2.903534060551137 -2.903534058082414 -2.903534063346351
 -2.903534048410746 2.746802769091667 -2.903534035236397 -2.903534016298164 2.746802790773026 -2.903534030657148 -2.903534035727298 -2.903534006539651 2.746802789291808 -2.903534020686664
 2.746802750303385 -2.903534037936777 -2.903534016253142 -2.903534033485566 -2.903534008742484 2.746802751849562 2.746802755699727 -2.903534009957938 -2.903534044611948 -2.903534011173609
 -2.903534026719468 2.746802759763908 -2.903534035602866 2.746802776271233 -2.903534049250823 -2.903534016000938 -2.903534034285086 -2.903534042131085 -2.903534060127837 -2.903534019631361
 -2.903534033043178 2.746802776683308 2.746802772396998 -2.903534039443051 -2.903534021225585 -2.90353399283579 -2.903534060624832 -2.903534001813878 -2.903534059603266 -2.903534012247805
 2.74680275552503 2.746802780899159 2.746802743701691 -2.903534006427537 -2.903534010790265 -2.903534005672338 -2.903534040569933 -2.903534021007187 -2.903534031090096 -2.903534037022146
 -2.90353403390251 -2.903534025443592 -2.903534041011881 2.746802766064361 -2.903534045940377 -2.90353403110574 -2.903534028467923 -2.903534020428605 -2.903534014209686 2.74680274554895
 -2.90353402862112 -2.903534029039356 -2.903534025957918 -2.903534021267925 -2.903534023829125 -2.903534053401901 -2.903534045690659 2.746802776032088 -2.903534067084002 -2.903534040255195
 -2.903534022201778 -2.903534051374527 -2.903534009345801 -2.903534017076247 -2.90353402663916 -2.903534029166632 2.746802752722498 2.746802740021298 -2.903533999747951 -2.903534031986497
 -2.903534024582088 2.746802766939424 -2.903534051214732 -2.903534025285011 -2.903534025599372 -2.9035340566793 -2.903534036130534 2.746802762999809 -2.903534046735283 -2.903533997812351
 -2.90353403052542 2.746802756634821 -2.903534024993233 -2.903534017212123 2.746802748343859 -2.903534005308668 -2.903534038712556 -2.903534014097922 -2.903534049418256 -2.903534026045246
 -2.903534029497484 -2.903534030838332 -2.903534052670892 -2.903534043556638 -2.903534029658028 -2.903534039132268 -2.903534024909635 -2.903534058076588 -2.903534003069335 2.746802791029645
 -2.903534034325304 -2.903534032342295 -2.903534045585257 -2.903534021670782 -2.903534036320227 -2.903534007941782 -2.90353401041282 2.7468027765395 2.746802789096279 2.746802751503463
 -2.903534027827969 2.746802783944871 -2.903534029692209 -2.903534027591062 -2.903534008798645 -2.903534034718775 -2.90353405178554 -2.903534021731996 2.746802788978065 -2.903534063606968
 -2.903534044829327 -2.903534035388706 2.746802778635394 -2.903534023581461 2.746802782650448 -2.903534059440519 -2.903534050728926 -2.90353403352442 -2.903534024988326 -2.903534064693776
 -2.903534021808898 -2.903534032651062 -2.903534022183699 -2.903534049562079 -2.903534018322121 -2.903534007511955 -2.903534046292137 -2.903534002880757 2.746802800013483 -2.90353399445178
 -2.903534014041452 -2.903534029653277 -2.90353402935555 -2.903534044483883 2.746802779303186 -2.903534059456092 -2.903534015314312 -2.903534032616644 -2.903534018551252 -2.90353400009693
 -2.903534002747323 -2.903534036556103 -2.903534019018959 -2.903534018544616 -2.903534035209812 -2.903534026945178 -2.90353402987651 -2.903534048047088 -2.903533991366864 2.746802795592164
 -2.903534030757156 -2.903534009444432 -2.903534039094754 2.746802769768203 -2.903534008140697 -2.903534029357545 -2.903534024729667 -2.903534040157814 -2.903534028581623 -2.903534045227668
 -2.903534027215356 2.746802769202265 -2.903534023396122 -2.903534016931244 -2.903534015332761 -2.903534027965713 -2.903534017274028 -2.903534009767785 -2.903534033578234 -2.903533996252905
 -2.903534057741259 -2.903534018592824 -2.903534032905903 -2.903534028663063 -2.903534024981694 -2.903533998845821 -2.903534022943428 -2.903534007513518 -2.903534028101133 -2.903533992092083
 2.746802767506267 -2.903534035374636 -2.903534027592325 -2.903534030760395 -2.903534031868033 -2.903534031520343 -2.903534034978756 -2.903534056037246 -2.903534061150535 -2.90353405281004
 -2.90353403140996 2.746802747265201 2.746802773961942 -2.903534005453168 2.746802784341706 -2.903534014013476 2.746802725779127 -2.903534034698472 -2.903533994144485 -2.903534030441703
 -2.903534042837162 -2.903534046432278 -2.903534021534681 -2.90353401915738 -2.903534006860781 -2.903534015698521 -2.903534021634173 -2.903534006540632 2.746802794007174 -2.903534028612198
 2.746802765701057 -2.903534033336921 -2.903534026622488 -2.90353401794395 2.746802784607332 -2.903534051202437 -2.903534029374621 -2.903534007924423 -2.903534028245388 -2.903534027534758
 -2.903534026148476 -2.903534016454421 -2.903534022423537 -2.9035340271032 -2.903534042218887 -2.903534036686431 -2.903534023771404 -2.903534053548443 -2.903534006928981 -2.903534048433996
 -2.903534033609342 -2.903534056933098 -2.903534013874786 2.746802765561439 -2.903534049735192 -2.903533997796308 -2.903534017372209 -2.903534032974066 -2.903534039407533 -2.903534048628002


# name: DatT
# type: matrix
# rows: 1
# columns: 50
 7.793092012405396 7.359082937240601 7.352807998657227 7.376349210739136 7.361204147338867 7.350813150405884 7.35346508026123 7.360131978988647 7.750895023345947 7.352591037750244 7.349641084671021 7.336187124252319 7.357141971588135 7.355042934417725 7.357944965362549 7.367213010787964 7.357364892959595 7.348598003387451 7.620880126953125 7.349175930023193 7.345601081848145 7.356899976730347 7.62090802192688 7.361732959747314 7.759036779403687 7.332136869430542 7.347764015197754 7.350007057189941 7.609458923339844 7.353286981582642 7.346347093582153 7.352802991867065 7.36300802230835 7.361376047134399 7.353410005569458 7.346075057983398 7.369433879852295 7.806450843811035 7.368250846862793 7.428362846374512 7.409186124801636 7.362798929214478 7.342101812362671 7.346868991851807 7.344051122665405 7.345752000808716 7.356376171112061 7.348231077194214 7.358139038085938 7.355577945709229


