# Created by Octave 4.2.2, Wed Mar 20 11:58:19 2019 -05 <ubuntu@algoritmosb>
# name: DatK
# type: matrix
# rows: 1
# columns: 50
 2000 2000 2000 2000 2000 2000 2000 2000 2000 2000 2000 2000 2000 2000 2000 2000 2000 2000 2000 2000 2000 2000 2000 2000 2000 2000 2000 2000 2000 2000 2000 2000 2000 2000 2000 2000 2000 2000 2000 2000 2000 2000 2000 2000 2000 2000 2000 2000 2000 2000


# name: DatF
# type: matrix
# rows: 1
# columns: 50
 0.04920782041804261 0.01722629385971286 0.03691384429355482 0.1058191542758598 0.04421180818532722 0.1377611670414143 0 0.2262117080833168 0.1328486973889377 0.06150434438945762 0.05416225053452695 0.1598512235032703 0.0344771317383783 0.08117230430714362 0.07388420509447746 0.05411314408835399 0.1819754736736704 0.07130519466190255 0.04920782041804261 0.09351524814255341 0.1229742525575759 0.1672987106875168 0.0369310174118791 0.07621053752142515 0.06145280058495284 0.08851912515024418 0.04920782041804261 0.05417706421488044 0.05905780776175462 0.06395574205206689 0.05905778538752593 0.03936284251653377 0.159745885359529 0.09094612864891749 0.06388953045572721 0.06645124538236424 0.056547478739705 0.02709339608730588 0.0270369980287789 0.03696050623815528 0.03692364797473391 0.07623498382029192 0.02709339608730588 0.05656459774635714 0.0762375002992387 0.08860019249058226 0.06645875296753911 0.1009554557121786 0.01722629385971286 0.0590580710235461


# name: DatP
# type: matrix
# rows: 50
# columns: 10
 -6.854456609616538e-09 1.220186179278936e-08 -5.433247142233848 -6.270642432156448 -7.007294396851767 3.615153375355863e-09 1.305280208172852e-08 8.850361346032582 2.915520438066846e-08 1.538038074962228e-08
 3.140022573528666 -1.328385266620198e-08 2.297621176178277e-09 -1.301675920705682e-08 1.916535480685715e-08 7.672281770232055 -1.122865886746859e-08 -2.526548896113875e-08 7.104532062855376e-09 -1.92374642233309e-08
 3.140022495265187 4.438444082092975 -4.471253427392043e-09 6.241542857265987e-09 -7.007295151152274 -6.564277819587901e-09 8.282881158072373 2.275274457863554e-08 3.050829401569619e-08 -4.998462561557533e-10
 -3.140022211262897 -8.876886642066038 -10.86649240376835 5.366451967294275e-10 -7.007291994436906 -8.568092136056593e-09 8.282875917805137 2.150977016015954e-08 -2.481230897560853e-08 9.885152776745986
 1.007699452767274e-08 -1.445702418180725e-08 1.554814161927813e-08 1.638553372478285e-08 4.830278334020744e-09 1.7958347151614e-08 1.111199214163168e-08 -8.85035918265633 5.373648370867692e-10 -9.885156604066509
 -6.942260512238414e-09 4.43844267649087 5.99382970043388e-09 -1.678411480113785e-08 -14.0145814335691 7.672273354376268 16.56575101588161 1.273579507711964e-08 1.634258980043851e-08 -1.55248044554758e-08
 1.031293933968522e-08 -1.088644755086499e-08 1.701497956595764e-08 1.080392657483776e-08 4.598919400728466e-09 -1.14434739911085e-08 1.114254897956474e-08 2.847173664160773e-09 -9.494640966297864e-09 -3.215891000549356e-10
 -3.140021412547207 -4.438441022806791 -9.468865287725619e-10 -12.54126961228075 -14.01456833205833 1.859010254053803e-08 -8.282861230800876 5.325678870628431e-09 18.76506897144666 -9.885127751604616
 -3.140022022555894 -5.414422383716159e-09 -10.86649057447911 12.54127960609719 -1.478560967378049e-08 7.672273874885089 1.925633693836521e-08 2.091052465154211e-08 -9.382542860215127 -9.885147292856814
 6.280044728167728 4.438443714746786 -5.433246815935819 5.513247261197067e-09 4.398095918074233e-09 8.775951255365891e-09 8.282878743092525 -2.724074224234739e-08 -9.382551664042129 1.788297075019259e-08
 6.280044918342729 -4.43844397531347 1.61912285524754e-08 -6.270642679309894 7.00729475957843 -1.923337620136881e-09 8.282880488218089 5.870661137023248e-11 -1.498730043098857e-08 -1.590812257394881e-08
 6.280043634258666 4.438442171741521 5.433243972442134 6.270637563959558 -7.00728761430101 -7.672270685257266 6.427835676953873e-09 -17.70070633601457 9.382537036736057 2.177444943233456e-08
 6.962327394711108e-09 4.438444219058913 5.433247743981118 6.270643339325792 7.007295691005107 2.951883223826972e-09 1.950054168731339e-08 -1.47911820218819e-08 -1.986687221929525e-08 -1.019112370829589e-08
 3.140022249316329 4.43844339741139 10.86649281851614 7.899335192424269e-09 8.618794561866641e-09 2.444723406247882e-08 -1.626628976332224e-08 8.850357419493362 1.630079736234869e-08 9.88515411572029
 9.420067306293465 4.438443901544861 5.433247166952428 6.270642479332707 -7.007294450679573 2.303907729402635e-08 8.282879983232728 1.099054735880783e-08 -8.234091884550143e-09 -9.534218100700502e-09
 -1.991731251105912e-08 -5.085917354356731e-09 -5.433246903723469 6.270642063429535 1.633774786681393e-08 9.53863154575206e-09 -8.282878848694358 8.850360282991518 2.841214673444438e-07 -1.134379118895552e-08
 -3.140021678435934 -4.438441792768752 -10.86648698929482 -6.270636548373028 7.904807330904315e-09 -5.331465239672251e-09 -16.56573958707412 8.850344733025034 9.382533585891622 9.88513644011524
 3.140022256361267 -4.438443415287469 -5.433246252011424 6.449197062485545e-09 7.007292512502391 1.821284435408679e-08 -2.125071781831766e-09 8.850357497057317 -2.552258346029669e-08 -9.885154235831092
 5.814383990656226e-10 -9.494023993057296e-09 -5.43324713733666 6.270642429873864 7.007294407101758 8.236032502475157e-09 1.272312332027561e-08 -8.850361328003787 1.985225245900708e-08 -8.599170562076999e-09
 3.140022261692049 8.8768869318905 5.433246285098363 1.175431371426238e-08 -7.007292551552482 7.67227718177766 8.282876850287096 -8.850357629222597 -4.868585875637262e-09 1.334890024778383e-08
 8.285647366218598e-09 -4.43844274869774 -10.86649048248977 -6.270639254271963 -5.536392636780546e-09 7.672273750795499 -8.282872555406303 2.519164611506378e-08 -9.382542655149761 -9.885147071169779
 6.280043777153081 -1.750229284821781e-09 10.8664890563931 -6.270638132391692 -1.354079549595972e-08 -15.34454751248189 -8.282869990823038 -8.850349220407768 -9.382538942084967 7.948732096511347e-09
 8.224424198059233e-09 4.438444158246007 5.433247642983058 6.270643187685712 7.164942042798177e-09 -7.672280971724709 6.747763146265322e-09 1.775863639801842e-08 -2.354677343801126e-08 7.642730294147169e-09
 -3.14002220611209 4.438443271108422 5.613232294971762e-09 -6.270640705544151 7.007291975695821 2.067894855029727e-08 -4.6667726431878e-09 1.1644810854636e-08 -9.382547566645135 -9.88515278264869
 -7.914323731596562e-11 4.438443483657054 -9.280777211718242e-09 -2.055797131381595e-08 -1.163172442744615e-08 -7.672277485407702 -8.282877265498087 2.464309669650061e-08 -1.311752777389017e-08 9.885155072540408
 7.702348977193678e-09 4.438443148586267 -4.456956891739129e-09 6.270640347886805 -1.679362520522277e-08 7.672275779521409 -8.282875091026524 -8.850355450307063 9.3825463658027 3.261957169944677e-08
 -9.789995092744627e-09 -2.950187704211914e-09 -5.433247141308885 6.270642427481028 -7.007294409181577 6.688468091931221e-09 -3.549286185327535e-09 -8.850361340466199 -1.179566931763986e-08 -3.044649126142007e-09
 -9.420067464628318 4.438444041454405 -5.433247418192167 3.540269127251142e-09 -3.905565138491136e-09 2.487290625145314e-09 2.990942721508723e-09 8.850362531795312 1.187784657055403e-09 -4.673241769371739e-10
 -6.280044790947458 -4.438443800980727 -1.16092444460537e-08 6.270642192080431 -7.007294071848926 3.401929972560424e-09 1.522616181859866e-08 2.298832432440954e-08 9.38255253201041 -1.455057982418145e-08
 -3.140022337901635 4.438443632542542 5.433246690218765 -6.270641728871412 1.335154417732922e-08 1.944627322611505e-08 -8.282878274580167 -1.978126486778261e-08 -9.38255097732139 2.915297056709063e-08
 -6.280044795767343 -4.438443804518778 5.433246984666635 2.701764315784979e-09 1.757467036846321e-08 2.284582456340918e-09 -8.282879334004848 -8.850360633179015 -1.487433642739169e-08 -1.352014715538148e-08
 -3.140022463525737 -4.438444006676956 -2.924800784281179e-09 -6.436426427243873e-09 -7.007294843772715 -1.689110474511798e-08 2.47188584003669e-08 -8.850362193776466 -2.768904259995222e-08 2.311670230422114e-08
 6.280043312717106 5.732430515692061e-09 -5.433243119569057 -6.270636258437321 1.869510629194835e-08 2.099082678611682e-09 -2.219374957750367e-08 -8.850343946731925 -18.76508192412484 -9.885135312688911
 -5.762354622177832e-09 -4.438442998723738 5.433245475348744 -2.995630907482766e-09 -7.0072908302998 1.164579003554179e-08 9.551758867000364e-08 8.850354037037516 -9.382544625479076 9.885149414675139
 -3.140022233248091 1.343047527304061e-08 1.579231958200927e-08 -1.511512707187548e-08 1.978238524393096e-08 -2.003092951267624e-08 8.282876382026476 -8.850357031576452 2.125978585610994e-08 9.8851535775065
 3.140022375298114 -2.289533382244114e-09 -2.746346059881594e-09 -5.078851709922813e-09 14.01458998370561 -7.672278934886934 1.100555996831037e-09 4.888990039767833e-09 1.879225941382459e-09 5.700297133005051e-09
 9.806586260557711e-09 -4.438443609053055 2.152542954692366e-10 7.110425024072453e-09 7.007293307467665 -7.672278156322142 7.043074015440455e-09 -2.398251384793816e-08 -2.38738657915864e-08 9.88515654066722
 -3.140022573641592 4.438444299089875 -5.43324787431003 -2.946476956952658e-09 7.007296016360852 2.500381874682284e-08 8.339548481691239e-09 -2.42767441298513e-08 1.92161014900596e-08 1.218758655343901e-08
 -8.986140832728917e-09 4.4384440473142 4.553936708006082e-09 -4.166324993254911e-09 -1.477399417175204e-08 -2.102024838638312e-08 -1.751506672414909e-09 -2.30856787163388e-08 -9.382554856691085 5.707901766516689e-09
 3.140022567082438 4.438444281836661 10.86649611590516 1.625887591409022e-08 -7.026590984263483e-09 2.284612208475678e-08 -3.451785675352484e-09 1.434260614440454e-08 9.385467180471156e-10 -2.340445293101681e-08
 3.140022500586516 -8.576221813287368e-09 -5.433247591108905 1.1452277230649e-08 7.007295334306002 7.672280799349343 4.80020912249947e-09 1.758542418914148e-08 -1.285933953522374e-08 2.000654275835553e-08
 3.140022250035738 3.559239111164092e-09 -5.433246212528034 -6.270641003277198 7.554649947280753e-09 -7.672276994424184 -3.25072745959065e-09 8.850357324473201 -9.382548587461969 2.220904365608238e-08
 -3.140022563226414 4.438444292664048 5.433247881740821 -1.730383137233037e-08 7.007295993167173 -1.206574913881006e-09 -2.416531016228274e-08 1.327024167442049e-08 7.219964296278213e-09 -6.011734476015982e-09
 7.809099031891329e-09 -8.362840294576645e-09 5.433246784079411 1.355595783159937e-08 7.007293602178036 -7.672278567818296 -7.188484949084482e-09 2.401719738381797e-09 -9.382551452692846 1.92621320482393e-08
 -6.280044506299803 1.47134262419659e-08 -8.249122715698058e-09 -6.270641048605583 1.178252024980215e-08 7.672277047494206 8.282876694724804 2.44805397253904e-08 -2.85800031975564e-08 -9.885154121546385
 -6.280044591585476 8.876887104979792 -5.433246444921657 3.467272688028584e-09 7.007292911760115 1.093956746461308e-08 8.282877441180354 -1.689080674427416e-08 9.382549759677923 3.111830249168423e-08
 9.420067202283853 1.556937381215771e-10 5.433246965719852 2.013348207406569e-08 -1.074040828162298e-08 3.596279263878571e-09 -8.28287928767652 8.850360592333512 -8.671150880795214e-09 2.843631174113463e-08
 -6.280044642275791 8.876887261198481 -5.308689215767359e-09 -12.54128416250761 -3.601504521568206e-09 7.672278041273219 8.282877939391385 2.578208607781852e-09 -1.509185335538007e-08 -5.650549878883319e-09
 -3.14002256854883 7.350734232507843e-09 1.566294744042175e-08 6.192734477275866e-09 1.03159101056605e-08 7.672281749161622 6.699475119121604e-11 -1.70365320126636e-08 -7.254465629590075e-09 6.56113950687558e-10
 -6.280132651838919 -4.438381629210627 -1.292311030979178e-06 6.270608277169633 -7.007250461752927 -0.001753168359630318 -9.807789192236226e-05 5.239244253307371e-05 -9.382503966687704 -6.982854369763093e-05


# name: DatT
# type: matrix
# rows: 1
# columns: 50
 6.582391023635864 6.324236154556274 6.325562953948975 6.38069486618042 6.311244964599609 6.34447193145752 6.29757285118103 6.412051916122437 6.328237056732178 6.321583032608032 6.367214918136597 6.337838888168335 6.371138095855713 6.310562133789062 6.342878103256226 6.487251996994019 6.367408990859985 6.334620952606201 6.306493043899536 6.333884000778198 6.327350854873657 6.329755067825317 6.324562072753906 6.331466913223267 6.304553985595703 6.331063985824585 6.317835092544556 6.338563919067383 6.317014932632446 6.370716094970703 6.317569017410278 6.312489032745361 6.405730009078979 6.399464130401611 6.365977048873901 6.585149049758911 6.329062938690186 6.322164058685303 6.352705955505371 6.806787967681885 6.301484823226929 6.312165021896362 6.312765121459961 6.328090906143188 6.362215995788574 6.328841924667358 6.337829828262329 6.321100950241089 6.347377061843872 6.390347957611084


