# Created by Octave 4.2.2, Wed Mar 20 11:00:09 2019 -05 <ubuntu@algoritmosb>
# name: DatK
# type: matrix
# rows: 1
# columns: 50
 2000 2000 2000 2000 2000 2000 2000 2000 2000 2000 2000 2000 2000 2000 2000 2000 2000 2000 2000 2000 2000 2000 2000 2000 2000 2000 2000 2000 2000 2000 2000 2000 2000 2000 2000 2000 2000 2000 2000 2000 2000 2000 2000 2000 2000 2000 2000 2000 2000 2000


# name: DatF
# type: matrix
# rows: 1
# columns: 50
 7.986612176269082e-131 1.583760078971858e-131 4.538808990460624e-129 1.074795187867629e-132 2.730489975914467e-130 1.055181606749307e-131 1.008572341597543e-127 1.59660567262527e-131 6.715639731542281e-132 1.022364756044333e-131 4.483303304598087e-129 6.097601366157455e-129 6.678832949881978e-133 6.552084406673801e-130 2.076479007253029e-131 1.229846750623329e-130 3.011487650989187e-128 1.097165799386696e-131 2.173946234781324e-129 1.570115886885688e-130 1.126133324161722e-130 2.299752049692774e-132 1.551530726939971e-130 2.303079023427293e-129 5.106164122524092e-130 1.349653801050576e-132 5.578480496327511e-131 2.014080986653629e-127 5.399059424347674e-131 2.227080083063561e-130 4.409487140534708e-130 1.107477044371479e-128 1.979512032188083e-131 7.086095026040375e-130 3.697403734825799e-130 1.84251611527878e-134 1.787237105148291e-132 1.984850463862845e-129 1.485739329766594e-130 2.940103929585706e-132 8.614116831284099e-130 2.014705571287209e-130 4.678356668599207e-133 6.281033482140949e-130 1.031298010249636e-128 2.663102255250385e-130 2.086331601303727e-133 5.832628624076676e-130 5.726905509480666e-136 3.739989936272226e-133


# name: DatP
# type: matrix
# rows: 50
# columns: 10
 -1.203249788089168e-66 1.570756925415871e-66 -2.597421699433116e-66 -4.13680163402235e-66 -4.281822931707272e-66 3.665347506112648e-66 2.567496128915283e-66 -3.121691581435959e-66 1.800540591082392e-66 8.623143665029526e-67
 8.368150228120963e-67 -2.576364573318914e-67 -5.374526037592438e-67 1.657437525216614e-66 -8.912165281445043e-67 -9.987287022996902e-67 9.314987175279219e-67 1.122736757217282e-66 -1.799695746768051e-66 2.208201083088033e-66
 -1.590623693174085e-65 -2.361935328492995e-65 7.287972460092642e-67 1.276261362246226e-65 -2.969576825635467e-66 -9.502647575392783e-66 -3.901041122539161e-66 2.195649556247718e-67 -5.780436838870304e-65 -1.042982659202568e-65
 2.089866450674758e-67 4.088280022457935e-68 -3.332585948449003e-68 1.00561282397098e-67 -1.211851739684087e-67 -2.741567919699719e-67 -6.821645257357314e-67 -1.30736845767486e-67 2.059906371744101e-67 6.352201851949544e-67
 8.813584251558054e-66 1.102536660660481e-65 3.632387349219002e-66 4.836508891012557e-66 3.131769500344226e-66 -5.047322009701141e-67 9.642256168522915e-67 -3.689870631662204e-66 -3.420610734990851e-66 -9.574844111387596e-67
 4.99892729817524e-67 5.540191189265343e-67 1.124328130977882e-66 5.627098059590175e-67 -1.165278072138379e-66 -4.33197885835162e-67 -1.472891538206766e-67 1.138835805173926e-66 9.996385742911283e-67 -2.133255331954692e-66
 6.284255392150969e-65 -9.422493113559054e-65 -1.074920313362826e-64 -1.119895430347372e-64 -1.865841147877395e-64 3.361476625431647e-65 -3.256418607113279e-65 2.477059675845974e-65 -3.839001707042912e-65 1.576138600776277e-64
 -2.357105601323017e-66 8.291043739767192e-67 5.998375369912771e-67 -6.075784950830494e-67 1.64677381921574e-66 3.559523188674177e-67 -1.527355530156693e-66 -7.21298212543952e-68 4.668689833950252e-67 1.897152816673889e-66
 6.270309284479259e-67 1.128424033077644e-66 3.310549847346675e-68 -6.058623592225255e-67 2.557103636927276e-67 7.213532165998775e-67 8.940423433765108e-67 1.208050158144785e-66 1.340145913578476e-66 2.013448690907927e-67
 6.130262155307564e-67 -1.061744272588442e-66 1.880286948867061e-66 8.605954953054451e-67 3.39318096299988e-67 4.084324364811528e-67 -1.00607625862647e-66 -8.224427975743526e-67 1.508982196835318e-66 4.436881935040644e-67
 2.521779023248908e-65 2.56156516389238e-66 -4.288701661817967e-65 -1.227562320538351e-65 -2.976766329388074e-65 8.267471839922302e-66 -1.608551432537808e-65 1.222562909484283e-65 1.414552511313244e-65 1.69719503182809e-65
 1.523000260372025e-65 2.202916096279683e-66 1.979962831463549e-66 -1.476601777273322e-65 -3.008674047392165e-65 1.224357895954252e-65 -1.571101708838695e-65 1.149503642577646e-65 -3.530831733207325e-65 -5.438817557663306e-65
 2.014926208643256e-67 -5.554782260667693e-68 1.458474032927e-67 -4.102578960718146e-67 9.957013747561134e-69 1.110246007444347e-67 4.173788637116038e-67 -3.50579101221382e-67 -3.310926019292432e-67 1.243250359368402e-67
 1.273511521997242e-65 9.883346939598884e-67 -9.484299571386662e-66 6.245338579176881e-66 1.047061463188985e-65 2.952463316513229e-66 3.081008458872224e-66 1.183971968107608e-65 -3.497111520357039e-66 9.101654166410818e-66
 6.925205702625041e-67 -2.640704422880864e-66 -8.017889898931038e-67 6.580715099817256e-68 -5.945489716678566e-67 -1.917670353160011e-66 6.655275862019477e-67 2.262644525924184e-67 2.362568721959179e-66 1.599339775736229e-66
 -1.122486585526064e-66 -2.218657344956789e-66 -7.933166265867366e-66 2.910778891100282e-67 -3.545236948486645e-66 2.393636074602775e-67 -1.019879800997982e-66 3.584281060059766e-68 5.61061372758362e-66 -2.938703676911818e-66
 -7.316238351012891e-65 7.42608971894336e-65 4.018651024601421e-65 2.916037290600973e-65 1.612324394345189e-65 -9.381647919628466e-65 -1.622478457385809e-65 6.151892627678603e-65 -2.695932028573337e-65 5.427762619004306e-65
 -1.074672635016558e-66 -9.07384244642101e-67 1.158822017038489e-66 1.286221470221563e-66 7.680772473889979e-67 -9.300954830395151e-67 -1.565296494955874e-66 9.884161322964222e-67 4.072044335053185e-68 1.054684042079875e-66
 6.896295766795589e-66 1.872565427161712e-65 -5.941176274462626e-67 -1.159045508908592e-65 2.555664409249916e-65 1.756399318606968e-65 -3.914955279075842e-66 2.291640887472693e-66 2.515228872371978e-65 -5.117963648178088e-66
 2.786565101721885e-66 -3.095693820667902e-66 -4.511116010221849e-66 6.670411287781414e-66 -2.940382500870221e-66 -4.125577131567362e-66 4.217254845528869e-66 3.212000103167617e-66 -7.137147327848339e-67 4.532213725174099e-66
 -4.474791626575393e-66 7.204257662680949e-66 -1.288592927965023e-66 2.40662665840926e-66 1.808125522048719e-67 -1.32981123988952e-66 1.552939314851958e-66 -2.372499036848732e-66 1.331663591653225e-66 4.649852579176143e-66
 1.270913542338935e-67 5.006403424010243e-67 1.255320830661977e-66 -6.053144090938189e-67 8.060880435331787e-68 7.5626445918228e-68 -1.76582555879226e-67 2.112047148004823e-67 -4.363336545712505e-68 -2.851882438804986e-68
 1.447169172743371e-66 -3.930651232271842e-66 3.985268482950272e-66 -9.537929068246323e-67 1.559815849049079e-66 -7.4366282200789e-67 7.945943992674902e-66 6.979880553691067e-66 -2.350974200782223e-66 6.684094047411246e-67
 -4.258745515968957e-66 1.183444705393968e-65 -1.259652666141238e-65 -1.818911550326289e-66 -1.4554222004311e-66 1.102751450431019e-65 5.41713345809481e-66 4.00609071861512e-65 -5.599015734687536e-66 -1.391445734563995e-65
 9.001185537565426e-66 6.201257788242841e-66 -2.281897424267693e-66 -2.08881900599755e-66 5.385566109822299e-66 1.398920619263856e-65 1.020155566581923e-65 -4.456493552063816e-66 -5.738779543277622e-66 -3.710347198821693e-68
 -1.221097020118326e-68 3.30212749561206e-67 2.13824018305598e-68 -2.172201630726922e-67 -6.272863878429448e-67 2.794726287195989e-67 -2.529646734535261e-67 -6.587622153709218e-67 4.648012034431759e-67 8.503130727331391e-68
 1.277069918617926e-66 1.901496584242417e-67 5.502181130997538e-67 3.001613037683631e-66 1.388136984160954e-66 -3.589737219502176e-66 1.537138277877618e-66 3.405819251168783e-66 2.18039487702335e-66 -3.357925166689875e-66
 1.449984535175967e-64 -1.339337286472781e-64 1.043001247432694e-64 -1.752180561558765e-64 -1.596956755043518e-65 -1.2776615479934e-64 -1.029712152638899e-64 -2.061094942838033e-64 1.697529778682435e-64 1.496192987119622e-64
 -1.057726498901932e-66 2.427347059638013e-66 3.647602325683013e-68 2.699771171882327e-66 -7.008792206287956e-68 -1.366977031202735e-66 -1.55872040219527e-66 3.505426019938089e-66 -2.025433534453742e-66 4.358458428348387e-66
 3.519885613490507e-66 2.263157078132715e-66 8.33454850586118e-66 -1.14988010803441e-67 1.068435834272029e-65 1.914547442710804e-66 -1.774779765993978e-66 -1.016933288241955e-66 -3.662265361332936e-66 -5.490203652258623e-67
 7.408364591872916e-67 -7.996873285633661e-66 2.135090433422837e-66 -5.250661759565308e-67 1.848858028411924e-66 -5.176090414249658e-66 1.560033974965141e-66 1.503045976966304e-66 -7.32771285213476e-66 1.68231141754055e-65
 6.21982465056535e-65 -4.410884791881562e-65 1.567207786157517e-65 -4.2283731842252e-66 -3.347351578943756e-65 2.701141721760136e-65 -2.870090929838273e-65 -1.763185722391209e-65 4.756472352866801e-66 4.460631585275945e-65
 -3.735857290471939e-66 5.461592693870511e-67 5.415460922390658e-68 -4.288647000404422e-68 -1.421664288379373e-66 -1.664428089751865e-66 3.781346251455075e-67 -5.847132594490461e-67 -4.889582819702766e-67 -1.41502302936878e-67
 -1.240896396032028e-65 -2.968672384692059e-67 -5.659133495072811e-66 6.359250274974634e-66 5.068911855678747e-66 5.511673054765128e-66 1.76118980737947e-69 3.293103618769081e-66 5.694280649381983e-66 -1.956352105272677e-65
 4.960870715595677e-66 -1.153917718076009e-65 3.369604628859665e-66 9.15261494243224e-66 -3.983293235638148e-66 -3.334397966830364e-66 -2.833354161725396e-66 4.054535750358426e-66 -1.940208668805835e-66 7.850893524942928e-66
 -1.122687512699549e-69 -6.182305937995297e-69 -2.19925988794013e-68 -4.381987999145866e-68 -6.131040499181006e-68 9.060889931221469e-68 4.603193372991509e-68 -2.042965057128712e-68 -3.439476748718612e-68 1.713404681273409e-68
 -6.825584560652897e-67 -7.834378290988213e-68 2.560528426578537e-67 5.26645465018378e-67 -4.3357771788599e-67 2.391814087529747e-67 -1.119058297287511e-68 5.367634745347218e-67 3.816004060077895e-67 -5.415148164883275e-67
 6.376918036187859e-66 -3.950863790884212e-65 6.002015107745158e-66 4.330349324593242e-66 -5.023436853445321e-66 -1.175336191254196e-65 8.828266160128376e-67 -1.001844256874028e-65 -6.726135861386738e-66 -4.325608414237113e-66
 6.744678834291856e-66 -2.472178972650433e-66 6.253167876749519e-66 3.599625276445733e-66 -4.100246538666068e-66 -6.938671899078515e-67 2.762114381807613e-66 -2.881961898398337e-66 -2.322686116747406e-66 -2.507755272439434e-66
 9.085388641560788e-67 8.407831508934445e-67 5.509821244556298e-67 3.863646322924187e-67 3.862569911585422e-67 3.109000487240605e-67 -4.27243338569469e-67 4.514478831640329e-67 1.316707774509753e-67 5.525877901347386e-67
 1.633892594650643e-65 -1.102316156250929e-65 2.6032626728603e-66 -2.3942626782142e-66 -9.505046704911602e-66 9.904493990412186e-66 -1.030110683041766e-65 -6.361432675737947e-66 5.304762115187558e-66 9.862331271387836e-66
 4.316260786722221e-66 -8.193149525818975e-66 1.874960834889568e-66 1.93375001833413e-66 -4.28880817192103e-67 3.29020323095962e-66 6.605913533514324e-66 1.711353259564127e-66 4.448167007630179e-66 5.576333397142753e-66
 3.880983425839943e-67 1.46447712944736e-68 -1.783388518674473e-67 2.806106654902556e-67 1.111437308969298e-67 -1.741164281119633e-67 -1.792292483235765e-67 -2.942629562961933e-67 1.787098931602073e-67 1.14600550053769e-67
 -4.668011433528446e-66 3.445557956334544e-66 -4.230261019538859e-66 -1.430020234382793e-66 -6.686256048106147e-67 -7.186315786413227e-66 -1.546683772771034e-66 4.727709986547499e-67 1.09885769332766e-65 -1.997614379117719e-65
 -1.433963926087645e-65 6.136926753510406e-65 -1.667470828669735e-65 3.81572779855068e-65 1.588814597099759e-65 7.309125746147794e-66 -4.038729301427947e-67 1.540948798059469e-65 5.773850256538725e-65 2.701735511906493e-65
 8.60537698548107e-66 5.800250038284265e-66 3.801770907083466e-66 1.722661045159934e-66 -8.259307454863416e-66 3.654209455824903e-66 3.086479377296302e-66 2.810924044320416e-66 4.031374951837401e-66 -5.093598878690618e-66
 -1.821301308635387e-67 -5.103482409150433e-68 2.632089717298111e-68 4.218104798880604e-68 2.381930770319211e-68 1.648146293652758e-67 2.810153170622656e-67 -2.025385354505482e-67 2.816177645753468e-69 -1.50514360642644e-67
 1.146821009038427e-65 8.27336015865889e-67 1.157270230805202e-66 1.159509946123092e-65 1.295281562542307e-65 -4.021576664401801e-67 -7.348008615273707e-66 2.876082427240384e-66 9.019755880667297e-66 -1.927352755530543e-66
 9.424995400760739e-69 7.218947151151107e-69 -6.184052847992173e-69 -1.752787388235431e-69 2.558357861659851e-69 3.42813475606796e-69 8.602970553622295e-69 3.42537374285141e-69 1.398531108388881e-68 9.528983409868351e-69
 1.031207869850617e-69 3.172501814139828e-67 6.715846873963116e-69 -2.766164891946069e-68 3.774613796822348e-67 2.113348519124407e-68 2.922934259895048e-67 8.308110799275166e-69 2.057404478260263e-67 -4.222158700043131e-68


# name: DatT
# type: matrix
# rows: 1
# columns: 50
 4.358556985855103 3.546578884124756 3.549533843994141 3.559757947921753 3.553555965423584 3.562903881072998 4.007256031036377 4.005997180938721 3.563937187194824 3.830618143081665 3.959913969039917 3.552618980407715 4.151735067367554 3.848360061645508 3.563287973403931 4.014994144439697 3.551744937896729 3.55854606628418 3.55608606338501 3.555819034576416 3.555876016616821 3.559988975524902 3.553855180740356 3.547914028167725 3.553534030914307 3.999885082244873 3.813525915145874 3.817296028137207 3.553114175796509 3.552602052688599 3.564553022384644 3.549646854400635 3.613219022750854 3.573930978775024 4.070019960403442 3.589600086212158 3.580450057983398 3.836654901504517 3.804646968841553 3.66667914390564 3.570840120315552 3.582109928131104 3.579209089279175 3.580589056015015 3.574520111083984 3.582757949829102 3.589027881622314 3.583796977996826 3.583273887634277 3.592501878738403


