# Created by Octave 4.2.2, Wed Mar 20 12:30:46 2019 -05 <ubuntu@algoritmosb>
# name: DatK
# type: matrix
# rows: 1
# columns: 50
 2000 2000 2000 2000 2000 2000 2000 2000 2000 2000 2000 2000 2000 2000 2000 2000 2000 2000 2000 2000 2000 2000 2000 2000 2000 2000 2000 2000 2000 2000 2000 2000 2000 2000 2000 2000 2000 2000 2000 2000 2000 2000 2000 2000 2000 2000 2000 2000 2000 2000


# name: DatF
# type: matrix
# rows: 1
# columns: 50
 6.661338147750939e-15 1.155148502709824 3.108624468950438e-15 3.108624468950438e-15 3.108624468950438e-15 3.108624468950438e-15 3.108624468950438e-15 3.108624468950438e-15 3.108624468950438e-15 3.108624468950438e-15 3.108624468950438e-15 3.108624468950438e-15 3.108624468950438e-15 3.108624468950438e-15 3.108624468950438e-15 3.108624468950438e-15 3.108624468950438e-15 3.108624468950438e-15 3.108624468950438e-15 3.108624468950438e-15 3.108624468950438e-15 6.661338147750939e-15 3.108624468950438e-15 3.108624468950438e-15 3.108624468950438e-15 3.108624468950438e-15 3.108624468950438e-15 3.108624468950438e-15 3.108624468950438e-15 3.108624468950438e-15 3.108624468950438e-15 3.108624468950438e-15 3.108624468950438e-15 3.108624468950438e-15 3.108624468950438e-15 3.108624468950438e-15 3.108624468950438e-15 3.108624468950438e-15 3.108624468950438e-15 3.108624468950438e-15 3.108624468950438e-15 3.108624468950438e-15 3.108624468950438e-15 3.108624468950438e-15 3.108624468950438e-15 3.108624468950438e-15 1.155148502709824 3.108624468950438e-15 3.108624468950438e-15 1.155148502709824


# name: DatP
# type: matrix
# rows: 50
# columns: 10
 -4.986046231866958e-16 -4.578256176319568e-15 1.755670767551986e-15 2.785310030271055e-15 2.025947742395146e-15 -4.374729507415039e-16 2.848018399329668e-15 -7.109264662096698e-16 2.620478433677738e-15 3.206895382601479e-15
 -1.455337093806479e-09 4.576323086044103e-09 0.8714068092743443 3.517854127169805e-09 4.120860343753601e-09 3.71803573833944e-09 -1.39890814396119e-09 2.072901748683573e-09 -2.296287341062318e-09 1.522752324867887e-09
 1.144180627194218e-15 -2.032126077815842e-15 9.982427015910304e-16 -2.791052811626927e-15 5.131497564082754e-17 1.500035813808926e-17 6.44430758904125e-16 -7.511798183173706e-16 -1.851720602476718e-15 3.858367323136545e-16
 1.66821946703172e-15 -1.864454058888796e-15 -1.516397365951166e-15 2.008173080405387e-15 -1.33820670340523e-15 -1.136919183919151e-16 -2.858506671032186e-16 -8.216782438627275e-16 -6.159426746653021e-16 1.55444918763167e-15
 1.602521964679062e-15 -3.016333670241598e-16 9.545427715408858e-16 4.597883140731251e-16 -2.863384203212113e-15 1.689002867263998e-15 6.45845711385309e-16 1.101882768702179e-15 1.898820830988826e-16 1.367726257463181e-15
 1.429567381032301e-15 -6.845472009814193e-16 5.388035397441513e-16 5.466923591250668e-16 -5.463007827180024e-16 -1.959205294525123e-16 -5.436925668776932e-16 1.367914403536729e-15 3.439538888513945e-16 3.535349060002583e-15
 1.231052201881266e-15 2.104692014547264e-16 2.147926237829942e-15 2.364500104269641e-15 8.213576803461001e-18 3.291331022366038e-16 5.477000671026622e-16 9.089368188336172e-16 -7.80849309755355e-17 2.121923331633423e-15
 -9.775540685376137e-16 2.960783225717979e-15 -1.520928447125983e-15 4.842705560280063e-16 9.376867676439658e-16 6.514173471920235e-16 -1.530952672872404e-15 1.425066504394955e-15 9.602706030755928e-16 -1.528649246296993e-16
 1.426588258641281e-15 8.697523694316525e-16 -7.664521466038387e-16 7.271996987022752e-16 -7.877526639125871e-16 7.137660212210664e-17 -3.630949290588799e-16 -2.296366325369598e-15 1.754022213221581e-15 -1.744947654557674e-15
 1.636872099305533e-16 2.276927818587561e-15 9.514402104977425e-16 -6.104043586398123e-16 1.000629482803988e-15 -1.759125815198442e-15 -1.595791164726923e-15 1.206073748025294e-15 1.05207111946862e-16 -9.054305843985581e-17
 2.104972783889026e-15 1.813702669939086e-16 -1.628327179176528e-15 -9.20161726166928e-17 1.057728274432255e-15 -1.976490593623858e-15 -1.732314271493851e-15 -4.065361017354879e-16 6.502835690670587e-16 8.702502800168684e-16
 -2.720473173148882e-16 1.843180770873488e-15 2.116109720141096e-15 -1.095098850585274e-15 -7.923880858243675e-16 -1.320221736917814e-15 2.791451019837861e-16 6.402530344592456e-16 7.320361606493902e-16 2.441819019490658e-15
 -7.44888135118769e-16 -6.05568175326899e-17 1.40687567638175e-15 -5.498597031211023e-17 -1.875386513148409e-15 -7.515695597160673e-16 5.129331896088055e-16 -1.0111235605706e-15 2.773430681860629e-15 1.77379046979068e-15
 -8.645233606848102e-16 -3.101446187868006e-16 1.492595674657297e-15 -8.740246821547075e-16 -1.697282303663598e-15 -5.466354196756813e-16 2.124390556865454e-15 -1.297853506215026e-15 -1.216002821207082e-15 -1.240677202947182e-15
 -7.90578265821447e-17 1.304274680388845e-15 -3.663096752665797e-16 -6.58963330605531e-16 1.702178728995777e-15 1.222625151003108e-16 1.003419005810028e-16 9.871314072672968e-16 -1.117570876432971e-15 2.705228221148718e-15
 1.652209437989634e-15 -7.517192955070834e-16 -2.512820622484644e-15 1.716317844085685e-17 1.246201139218795e-15 -7.013928680125348e-16 1.353017874708552e-16 -1.61655523944683e-15 1.463503885511262e-16 1.637281880285497e-15
 2.295014897422638e-16 -3.422215295003933e-16 3.136216920486172e-17 1.562149761699842e-16 -9.555725854422151e-16 -1.950871620934761e-15 1.862763202221343e-15 -2.913600743907818e-15 1.244371938107829e-16 -1.134662080798648e-15
 -7.204895462658017e-16 -1.198364802906304e-15 9.697591328578454e-16 -2.232756481491627e-15 -2.372459699408605e-15 2.060254218819633e-17 5.357580239991776e-16 -6.859305072444207e-16 -2.124011680374824e-15 5.413273906476585e-16
 -1.629057005147748e-15 1.421687029557558e-15 -2.101549301240027e-15 -1.873137268158226e-15 5.204024364861276e-16 3.597654485531705e-16 3.202758609381498e-16 9.86155369068723e-16 8.671951422915586e-16 -4.28046779817837e-16
 1.892131987235568e-16 -2.149948322291525e-15 5.293679330221156e-16 -9.154829526723544e-16 -4.743803995814233e-17 -9.195217587334658e-16 -1.615665108229582e-15 -1.205406018576713e-15 -2.624381002854702e-15 2.415823242505579e-16
 1.004857474535532e-15 -5.632146533716231e-16 -6.523197904305519e-16 9.773395199257145e-16 5.798915717542109e-16 9.242850693882482e-16 -7.657753920091875e-16 4.653144306559872e-16 -4.713707542677068e-16 3.394315995091473e-15
 3.301117336002758e-15 1.531772524339056e-15 -2.024450865901454e-15 2.756762930672975e-15 -1.474823554279766e-15 2.521064565711123e-15 1.356107488574404e-15 -2.152037848793162e-15 -3.060233638231725e-15 -3.560417379931461e-15
 1.022287191651459e-16 -1.276567822326793e-16 5.64170572044636e-16 -2.15217136144209e-15 -1.203740038891941e-15 2.759121678939678e-15 9.104219449351106e-17 2.669620751408453e-16 -1.396890817762317e-15 -8.993176561505925e-16
 -2.480279456160806e-16 1.286440027372317e-15 -2.231105376535954e-15 1.310376483301892e-15 1.301123402532802e-15 -1.704170398539683e-16 -7.734779722260262e-16 7.027048114111508e-17 -6.434564849196772e-16 6.402889574444981e-16
 1.734384998979873e-15 -7.297404359338948e-16 5.361302181446917e-16 -4.870826539788802e-16 -2.615591270799017e-15 1.462270011353476e-15 -1.155232033686518e-15 1.095079217324994e-15 1.06312937546386e-15 3.244128297308243e-16
 -5.5715429078547e-16 -1.746006573297745e-15 -1.670511153108207e-15 -1.196684524645179e-15 -1.329711188444253e-15 1.9439171325166e-15 -6.087781012449084e-16 -1.256748400995087e-15 -1.544377853847198e-15 -2.002164835429796e-16
 -1.29932257310391e-15 9.368147532406951e-16 8.858265635139495e-16 -3.127792338651415e-16 1.447012139272175e-15 -9.09707214125656e-16 -1.372855465358976e-15 -2.742077576504004e-15 4.916228946975746e-17 1.13980723722302e-15
 -1.796726712831282e-15 -2.821332432974134e-15 -2.727073977654406e-16 -6.328543070684824e-16 -5.510824528872508e-16 -1.073144214109438e-15 -5.975842105433381e-16 1.803716848845104e-15 -8.509150489952643e-17 -1.426834596860736e-15
 -2.165633657234688e-16 -1.069077933440712e-15 4.679148294853714e-16 9.26271293216727e-16 1.528652562474791e-16 8.554954936816176e-16 -1.598544551709638e-15 7.450260809565333e-16 2.34985182546067e-15 -2.090566369899257e-15
 -2.244601453098853e-15 -1.650925373695207e-17 -2.235464983877748e-15 2.050436509956227e-15 -3.305234769305946e-16 2.051744753680435e-15 -6.39578373884822e-16 -2.492057403432652e-16 2.162178212113237e-16 4.984621855066974e-17
 1.331677382766937e-15 -5.482057257171813e-16 -2.171478476492391e-15 6.121747318881399e-16 -1.183131206922551e-15 3.161731236157174e-16 -1.015715212503287e-16 -2.573758763782643e-15 1.772809783241951e-15 -6.251909954488575e-16
 -1.893598883747257e-15 6.161159735718864e-16 3.937605897883584e-16 1.109892037082556e-15 -2.193512300357868e-16 9.668267119917406e-16 2.078032274174662e-15 2.354305163656738e-15 3.02986603304848e-16 -1.049937565169703e-16
 -1.238154656155921e-15 6.259719093856828e-16 2.431425511268249e-15 -2.122342740257508e-15 1.131349042051327e-15 -1.089288797309615e-15 -5.68707260243419e-16 -2.874102048217572e-16 -1.585021476923029e-15 -1.971181100849174e-16
 -2.318835368181117e-16 5.152779591632313e-16 -1.834715919679619e-15 1.105811672466172e-16 2.611909092549885e-15 -2.12794005631168e-15 -6.808724304861425e-16 -3.996939466594384e-16 8.253830109112049e-16 8.12913661920213e-16
 -1.288911239296147e-15 -1.826639271300974e-16 5.262275111550495e-16 -2.041256680392424e-15 1.74582355478406e-16 7.968052893997093e-16 2.489450404549257e-15 -8.147852352920537e-16 7.350678527417951e-16 2.155096179946638e-15
 -1.879529229930776e-16 1.983326988505564e-15 -3.222868709500368e-16 5.288934109656302e-16 4.499707302238585e-16 -5.297486593073144e-16 7.880149588434985e-16 2.609832014143642e-15 -2.879627389757327e-16 -1.20299782758314e-15
 9.550995461424271e-16 -7.416010080865105e-16 -9.757596114675968e-16 1.417454770002248e-15 1.723705301777229e-15 9.758468610887421e-16 1.066328279218366e-15 -1.85366843098555e-15 1.488872524257655e-15 1.275761246267458e-15
 1.879032876544189e-15 -1.423441341661278e-15 1.578161339512451e-15 -4.456792121820226e-16 2.648711059756295e-16 -1.986684052681878e-15 -1.422782500158801e-15 -4.382086598920759e-16 -3.659432874787784e-16 1.347970847815054e-15
 -6.083589191064875e-16 -2.009459146527935e-15 3.735267121447545e-16 -4.067398981531338e-16 1.595788362496438e-15 -1.501826183241703e-15 -1.481177995978271e-15 -1.418629059591993e-15 -1.874753032867318e-15 -1.134265314132285e-15
 7.497151942347507e-16 1.890428064420135e-15 -3.220451374443901e-15 -8.375436049538602e-16 8.81099535483291e-16 3.588428441604852e-16 -1.129309072705898e-15 -9.636651904612426e-16 2.997510756561388e-16 -3.129646650649201e-16
 1.366680457191999e-15 -3.992474452700255e-16 -2.438080226123758e-16 -1.723249224205875e-15 -1.663618658378032e-15 -9.751526009704352e-16 1.065000949321284e-16 9.415809901819291e-16 1.055789975482432e-15 6.887511624968632e-16
 -7.462820316942251e-16 -1.218128572903969e-15 -1.593952619182719e-15 -2.739008251202662e-16 3.440540441399589e-16 2.367719662542902e-15 -4.678690572905156e-16 1.085872633479128e-15 1.845891133712966e-15 -1.464252520641092e-15
 -1.504137222481678e-15 5.10164594089918e-17 -2.299116703546076e-15 -1.30081047510248e-16 5.317694002842618e-18 5.450959365255259e-16 -7.796802775878849e-16 -1.227448713129794e-15 1.319136290843122e-16 -1.526485473388461e-15
 -2.110264007905271e-15 1.128818966076884e-15 -1.715065897030514e-15 -2.052570428900496e-15 2.607162139912095e-16 -4.485059828544902e-16 -1.94435824060096e-15 8.203720156276536e-17 -8.145475911982003e-16 1.101782838477032e-15
 1.585362078671271e-15 -1.359561559244844e-15 -6.400344825611425e-16 -1.777928184527028e-15 2.106630132059153e-16 1.020213040738188e-15 -9.940166228838808e-16 1.335135849429411e-15 -1.781835387162895e-15 2.063667572638156e-15
 -2.430939341408867e-15 -1.424243516729719e-15 1.428790537048474e-15 -2.024615971518463e-16 -4.55992904677968e-16 2.332559868863633e-15 2.170940703974591e-16 -1.411885062253168e-15 -4.293799083051066e-16 -5.210594736851932e-16
 6.601021888966292e-09 -4.798494404937112e-09 -2.735572060103812e-09 -9.022169067247895e-10 -5.614400675460651e-09 -0.8714068115082405 -2.751196743946776e-09 -2.905221970416516e-09 2.391013272676837e-09 -5.187278930438212e-09
 1.299500308164777e-15 -6.953307367945182e-16 -2.287669149784325e-15 1.103629081209029e-15 1.342304236848513e-15 1.845203539212929e-15 1.312296960480335e-15 -8.534852256047239e-16 -6.115380832859535e-16 -1.410786375496185e-16
 -1.493951801840795e-15 -6.820513014387978e-16 1.528445483836688e-15 1.079740686781129e-15 -4.86603901483815e-18 1.993766825604635e-15 -4.980841757813447e-16 9.155928572552001e-16 -2.055016416238385e-15 1.745335320286637e-15
 5.85947994012593e-09 -6.429571461015837e-10 0.8714068181527397 -1.625882632336426e-09 -3.246300680475727e-09 -6.303170956379229e-10 4.050956628790759e-09 -1.797789813275234e-09 3.696703431620256e-09 -2.081061302641717e-10


# name: DatT
# type: matrix
# rows: 1
# columns: 50
 6.600755929946899 6.94495701789856 6.606927156448364 6.328176975250244 6.322770833969116 6.337231159210205 6.327769041061401 6.327703952789307 6.384100198745728 6.533298969268799 6.584747076034546 6.317255020141602 6.327638864517212 6.335759162902832 6.33304500579834 6.324733972549438 6.326231956481934 6.338531017303467 6.337683916091919 6.33479118347168 6.324730157852173 6.310904026031494 6.330357074737549 6.325241088867188 6.325441122055054 6.334501981735229 6.321235179901123 6.320656061172485 6.310916900634766 6.329971075057983 6.326114892959595 6.765033006668091 6.32745885848999 6.332095861434937 6.332998991012573 6.322525978088379 6.337806940078735 6.323713064193726 6.316177129745483 6.346270084381104 6.333502054214478 6.311459064483643 6.331135034561157 6.332491159439087 6.31696081161499 6.32000994682312 6.321624040603638 6.326052904129028 6.334350109100342 6.330434083938599


