# Created by Octave 4.2.2, Wed Mar 20 11:37:50 2019 -05 <ubuntu@algoritmosb>
# name: DatK
# type: matrix
# rows: 1
# columns: 50
 2000 2000 2000 2000 2000 2000 2000 2000 2000 2000 2000 2000 2000 2000 2000 2000 2000 2000 2000 2000 2000 2000 2000 2000 2000 2000 2000 2000 2000 2000 2000 2000 2000 2000 2000 2000 2000 2000 2000 2000 2000 2000 2000 2000 2000 2000 2000 2000 2000 2000


# name: DatF
# type: matrix
# rows: 1
# columns: 50
 -349.2514998922518 -377.5249379892267 -335.1147808437643 -363.3882189407393 -349.2514998922518 -349.2514998922518 -349.2514998922517 -363.3882189407393 -363.3882189407393 -363.3882189407393 -377.5249379892267 -363.3882189407393 -391.6616570377142 -349.2514998922518 -363.3882189407393 -363.3882189407392 -377.5249379892267 -363.3882189407393 -377.5249379892267 -349.2514998922518 -335.1147808437643 -391.6616570377142 -377.5249379892267 -363.3882189407393 -377.5249379892267 -377.5249379892267 -335.1147808437643 -377.5249379892267 -335.1147808437643 -377.5249379892267 -349.2514998922518 -377.5249379892267 -377.5249379892267 -363.3882189407393 -391.6616570377142 -363.3882189407393 -377.5249379892267 -377.5249379892267 -363.3882189407392 -363.3882189407393 -377.5249379892267 -349.2514998922518 -377.5249379892267 -377.5249379892267 -320.9780617952768 -391.6616570377142 -391.6616570377142 -363.3882189407392 -391.6616570377142 -335.1147808437643


# name: DatP
# type: matrix
# rows: 50
# columns: 10
 -2.903534002520696 2.746802754024836 -2.903534027925822 -2.903534023818947 -2.903534010284194 -2.903534030470459 2.746802756621369 -2.903534039550652 2.746802745569838 -2.903534050351119
 -2.903534035073028 -2.903534027633552 -2.903534035195215 -2.90353403019235 2.746802789448253 -2.903534033650372 -2.903534047198803 -2.903534064274258 -2.903534047988155 -2.903534034806817
 -2.903534011634075 2.746802770325172 2.746802793047965 -2.903534038398706 2.746802787299829 -2.903534033815023 2.746802778618941 -2.903534073498655 -2.90353401904193 -2.903534005947024
 -2.903534028389892 -2.903534016163384 -2.903534007490605 -2.90353404561267 -2.90353402776723 2.746802747019457 -2.903534016678637 -2.903534000256597 -2.903534060391533 2.746802738360459
 2.746802747612227 -2.903534043963633 -2.903534020942376 -2.903534025529039 -2.90353400701142 -2.903534031273959 2.746802791408623 -2.903534034731065 2.746802766181311 -2.903534048106093
 2.746802773834887 2.746802777925422 -2.903534029171281 -2.903534039938006 -2.903534032405365 -2.903534058666903 2.746802769864556 -2.903534042788241 -2.903534027767936 -2.903534017315311
 -2.903534076587829 -2.903534046633052 -2.903534044057695 2.746802787253444 -2.903534021709449 2.746802753232792 -2.90353403862256 -2.903534012495085 2.746802774248089 -2.903534061361713
 -2.903534042686807 -2.903534036607714 2.746802762981225 -2.90353401453967 -2.903534002007802 -2.903534026624804 -2.903534030048056 -2.903534050736322 2.74680275317065 -2.90353401358337
 -2.903534054319137 -2.903534017903904 -2.903534038528615 -2.903534021299922 -2.903534001099012 -2.903534039609873 -2.903534026002031 2.746802748549917 2.746802806451674 -2.903534049050269
 -2.903534022911204 -2.903534030692991 2.746802760719565 -2.903534047656015 -2.903534018729995 2.746802775036107 -2.903534025369385 -2.903534011166246 -2.903534050536896 -2.903534063905675
 -2.903534046833762 -2.903534030483188 -2.903534020895005 2.746802781698274 -2.903534055501936 -2.90353404699545 -2.90353404846797 -2.903534022897778 -2.903534048279405 -2.903534010906488
 -2.903534023274411 -2.903534024761576 -2.90353401438572 -2.903534041043951 -2.903534013455191 2.746802757988553 -2.903534037626196 -2.903534013353841 -2.903533992752346 2.746802769961479
 -2.903534027403059 -2.903534021382076 -2.903534022241068 -2.903534032850749 -2.903533996478776 -2.90353402629257 -2.903534042328432 -2.903533992673993 -2.903534038097267 -2.903534021754842
 -2.903534036563753 -2.903534013649689 -2.903534032532648 2.746802790725789 -2.903534058870244 -2.903534027758742 2.746802776450013 2.746802764474965 -2.903534028332219 -2.903534024283295
 -2.903534047466686 2.746802760771685 -2.903534037386415 -2.90353402547191 -2.903534030087532 2.746802764192708 -2.903534055906548 -2.903534033220661 -2.903534020105369 -2.903533998018441
 -2.903534016890609 2.746802780123626 -2.903534016673491 -2.903534063446707 2.746802722658101 -2.903534020228316 -2.903534022125837 -2.903534006601572 -2.903533986481582 -2.903534038059782
 -2.903534017410265 -2.903533998040364 -2.903534035321145 -2.9035340203645 -2.903534037925321 -2.903534026976397 2.746802778661999 -2.903534031736649 -2.903534006088765 -2.903534051083599
 -2.903534019753183 -2.903534034539231 -2.903534046812458 -2.903534032741881 -2.903534050075268 -2.903534034065884 2.746802761378469 2.746802753354341 -2.90353400740892 -2.903534007238375
 -2.903534018042307 -2.903534020052372 -2.903534032973992 -2.903534003570629 2.74680276422307 -2.903534041846367 -2.903534008397614 -2.903534056759923 -2.903534028838649 -2.90353404283452
 2.746802758528038 -2.903534012403833 -2.903534023922409 -2.903534020935847 2.746802770891133 -2.90353402037708 -2.90353403285609 2.746802771432475 -2.9035340497076 -2.903534072997916
 2.746802780424722 -2.903534049096138 -2.903534036522023 2.746802757941095 -2.903533999587296 -2.903534020978115 -2.903534043950044 2.746802801224785 -2.903534006103409 2.746802765389454
 -2.903534032445191 -2.903534030360645 -2.903534056617265 -2.903534001567348 -2.903534013900133 -2.903534031163414 -2.903534015777806 -2.903534030079708 -2.903534028283317 -2.903534016343737
 2.746802774455661 -2.903534025503095 -2.903534031011104 -2.903534049325724 -2.903534002443923 -2.903534047715829 -2.90353401514938 -2.903534052950558 -2.90353406071258 -2.903534027037343
 -2.903534026273734 -2.903534029569472 2.746802773800264 2.746802758061866 -2.903534016545755 -2.903534049104921 -2.903534021754504 -2.903534011401347 -2.903534006406567 -2.90353405318659
 -2.903534019346391 -2.903534045395192 -2.903534040607711 -2.903534037798885 -2.903534027187599 -2.903534046352107 2.746802771330132 -2.903534030150779 -2.903534015790329 -2.903533977739635
 -2.903534024929961 -2.90353403806008 -2.903534026834073 -2.903534012001447 -2.903534051942577 -2.903533989683154 -2.903534039713858 -2.903533995295168 -2.903534046440266 2.74680275954468
 -2.903534007257475 2.746802736479675 -2.903534020362842 2.746802790050035 -2.903534025526265 2.746802782963992 -2.903534015086776 -2.903534028131822 2.746802807001048 -2.903534058065928
 -2.903534028535264 -2.903534015979228 -2.903534047211155 -2.903534049826862 -2.903534018343831 -2.903534007613925 -2.903534017834247 -2.903534023894097 -2.903534033831301 2.746802807274133
 2.746802745211216 -2.90353405270562 2.746802742982328 -2.903534031521736 -2.90353403474553 -2.903534002133343 -2.903534006551425 -2.903534029121713 2.746802794925942 2.746802739820061
 -2.903534007430348 -2.90353403309182 -2.903534030078883 -2.903534028623367 -2.903534004217073 -2.903534002184739 -2.903534019081713 -2.903534054453283 -2.903534028140295 2.746802792471975
 -2.903534031603657 2.746802780108266 -2.903534026342816 -2.90353403594695 -2.903534041462238 -2.903534047689361 2.746802766513812 -2.903534016477698 -2.903534017936186 2.746802766546156
 -2.903534028959406 -2.903534033469422 2.74680280005703 -2.903534008690283 -2.903534059739925 -2.903534036050083 -2.903534032167991 -2.903534004503202 -2.903533994235488 -2.903534039586154
 -2.903534023155653 -2.903534037267922 -2.903534053044306 -2.903534025787845 -2.903534038056229 -2.903534003526429 -2.903534034456583 2.74680276855828 -2.903533990912392 -2.903533992879226
 -2.903534029105588 -2.903534013391108 -2.903534040481873 -2.903534057509722 2.746802767343426 -2.903534046443222 2.746802765482863 -2.903534023576034 -2.903534034564195 -2.903534019690417
 -2.903534035549893 -2.903534037032309 -2.903534030579436 -2.903533995501538 -2.90353403732789 -2.90353400847459 -2.903534025188415 -2.903534047728943 -2.903534006901466 -2.903534030242385
 -2.903534041417606 -2.903534029659118 2.746802765455402 -2.903534038460051 -2.903534047213673 2.746802750464931 -2.903534018337961 -2.903534016320805 -2.903534058481022 -2.903533998345698
 -2.903534024685361 -2.903534023441068 -2.903534036998531 -2.903534004066137 2.746802782504683 -2.903534046487048 -2.903534011322743 -2.903534074246467 -2.903534071264917 -2.903534016742325
 -2.903534026765147 2.746802766871474 -2.90353403378242 -2.90353401831059 -2.903534007738615 -2.903534062109042 -2.903534038153095 -2.90353400151012 -2.903534043183482 -2.903534015366187
 -2.903534064048248 2.746802762862028 -2.903534040258401 -2.903534049784127 -2.903533999524782 -2.903534007444078 2.746802796496704 -2.903534038065848 -2.903533980430054 -2.903534029557526
 -2.903534021634979 -2.903534015709544 2.746802761972319 -2.903534043336189 -2.903534015035761 -2.903534040699179 -2.903534019052328 2.746802784695725 -2.903534013703619 -2.903533992940437
 -2.903534015378462 -2.903534036425398 -2.903534041269759 -2.903534028894996 -2.903534010839317 -2.90353402597281 -2.903534030485612 -2.903534044723497 -2.903534058550015 2.746802781464736
 -2.903534018097512 -2.903534027622543 2.746802762564082 -2.903534050786276 -2.903534012301595 2.7468027817567 -2.903534045951561 -2.903534046311048 -2.903534029802524 2.746802788973763
 2.7468027658162 -2.90353404605781 -2.90353402327538 -2.903534031691222 -2.903534043810292 -2.90353404576682 -2.903534014069978 -2.903533993887773 -2.903534014455999 -2.903534044417536
 -2.903534021265096 2.746802780940577 -2.903534031147088 -2.903534034960324 -2.903534019228073 -2.903534053373146 -2.903534028156949 -2.903534069458236 -2.903534052532119 -2.903534044417127
 2.746802740966543 2.746802786482348 -2.903534040635622 2.746802768259956 -2.90353402802551 -2.90353399646069 2.746802799501572 2.746802761834942 -2.903534063043892 -2.9035340724788
 -2.903534040800846 -2.903534022568492 -2.903534023353816 -2.903534045897524 -2.90353401512735 -2.903533986654084 -2.903534045611851 -2.903534061222024 -2.903534025382797 -2.903534063103377
 -2.903534001515742 -2.903534032560951 -2.903534028266866 -2.903534032487887 -2.903534035911761 -2.90353403410205 -2.903534032010816 -2.903534053552076 -2.903534064814255 -2.903534049164252
 -2.903534005370575 2.746802801505638 -2.903534061335275 -2.903534055039153 2.746802766749998 -2.903534043989257 -2.903534045039428 -2.903534018722264 -2.903533999752381 -2.90353404290669
 -2.903534007801525 -2.903534042067793 -2.903534022558127 -2.903534029981719 -2.903534008749333 -2.903534011505823 -2.903534032721414 -2.903534043572842 -2.90353398880377 -2.90353399764279
 2.74680276224834 2.746802776676559 -2.903534046051703 -2.903534021796576 -2.903534004712567 -2.903534053051526 -2.903534028263891 -2.903534056564662 2.746802729404809 2.746802751910275


# name: DatT
# type: matrix
# rows: 1
# columns: 50
 7.333856105804443 7.359501123428345 7.336854934692383 7.330205917358398 7.327791929244995 7.342046976089478 7.318697929382324 7.333578109741211 7.353027105331421 7.34596586227417 7.795270919799805 7.337454080581665 7.343689918518066 7.338211059570312 7.339485168457031 7.344235897064209 7.347062110900879 7.763023853302002 7.360116004943848 7.325567007064819 7.323045015335083 7.358932971954346 7.348690032958984 7.341566801071167 7.353203058242798 7.769184827804565 7.331103086471558 7.763028860092163 7.316092014312744 7.34027099609375 7.332634925842285 7.357840061187744 7.340502023696899 7.903173923492432 7.357286214828491 7.345829963684082 7.355417966842651 7.3420250415802 7.355786085128784 7.34065318107605 7.356631994247437 7.337903022766113 7.351802110671997 7.339901924133301 7.312705993652344 7.362921953201294 7.346992015838623 7.338805913925171 7.344135046005249 7.310676097869873


