# Created by Octave 4.2.2, Wed Mar 20 11:48:38 2019 -05 <ubuntu@algoritmosb>
# name: DatK
# type: matrix
# rows: 1
# columns: 50
 2000 2000 2000 2000 2000 2000 2000 2000 2000 2000 2000 2000 2000 2000 2000 2000 2000 2000 2000 2000 2000 2000 2000 2000 2000 2000 2000 2000 2000 2000 2000 2000 2000 2000 2000 2000 2000 2000 2000 2000 2000 2000 2000 2000 2000 2000 2000 2000 2000 2000


# name: DatF
# type: matrix
# rows: 1
# columns: 50
 4.051856280531438 0.2409579567729395 0.02916342184874918 4.013366861580616 6.139087681912235 4.332475431285934 1.577680364331043 1.924290418013911 0.2057260596110052 0.0761396351937694 0.1091015124524832 0.7787079889306743 0.2311530766632744 0.0335009981177789 1.997457096368927 4.469721313420429 0.9222892647551495 1.259932507180689 0.008655926820336248 1.779446005102371 0.4643435113411565 3.177392821203899 0.5960225697974547 1.205639317638526 1.158327212418454 1.856669806861178 0.03940897695531378 9.356478752263524e-05 0.8250591106602194 4.002201308778314 4.056939069361313 1.119296782970199 0.5648498895155156 0.1137860266085273 1.789294078096145 0.4159516225898487 2.030659515740753 0.0305523762736268 4.615099714669058 6.579566821061934 1.766844663489874 1.662786145803642 0.1437768963520604 0.05621343922134175 0.01387048367930814 0.05000839389983338 1.849839271514317 125.9017491658395 2.145499922665969 0.3404460554742101


# name: DatP
# type: matrix
# rows: 50
# columns: 10
 0.9909957427745708 -0.9925373126618182 -0.9900180442668516 -0.9885507865123325 -0.9832917105451729 -0.9698589608282945 -0.9420464925060915 -0.8878979415630152 -0.7879831653706753 -0.6194508185484653
 -0.9977118187766357 -0.9956188887227039 -0.9913604128276745 -0.9830883841693853 -0.9661751087246306 -0.9347650472121151 -0.874344417438686 -0.7729466688453932 -0.6014324276671368 -0.3617152852755227
 -0.9992309979079864 -0.9981469470256963 -0.9967529947798792 -0.9941633641233716 -0.9883895151347907 -0.9794279052881195 -0.9616930032780698 -0.9259871855430297 -0.8579934281402224 -0.7362096996700525
 0.9925354533514763 -0.9951807928376086 -0.9954640934906106 -0.9936388877437207 -0.9889143879077991 -0.9794015160677247 -0.9611467311168495 -0.9246180661559483 -0.8549705578829694 -0.7309583194275764
 0.979701438671239 -0.9699185923975013 -0.9457955710931675 -0.896914295090352 -0.8052101084432622 -0.6572027255996638 -0.4360372684292161 -0.1883839508964415 -0.009316994932312035 0.0003611104599382729
 0.9932407337230523 -1.000541845926528 -1.006407571290008 -1.014671154261889 -1.029633663595201 -1.053579595772448 -1.108463367709073 -1.230546967303295 -1.512218752665027 -2.287579962477126
 -0.9716746729983318 -0.9458942104988327 -0.9489660942793349 -0.9339585580001297 -0.8961448718782893 -0.8158290742954243 -0.6729286510248524 -0.4558799476703494 -0.2051947041879534 -0.03901192658138124
 -0.9817382621587331 -0.9657609758262035 -0.9483553277599784 -0.9073890572510774 -0.8306380123020527 -0.6933240862470497 -0.4809130609803968 -0.237063405939836 -0.0607000105120218 0.007205362684437554
 -0.9944027368505669 -0.9943287825925771 -0.9914701584637372 -0.9843808711730285 -0.969523921433919 -0.9406011390151529 -0.8884330921495759 -0.7907378458433415 -0.628977335233342 -0.3956039430712222
 -0.9972503825691922 -0.9956251161027578 -0.9908089185053055 -0.9882946882158762 -0.9833568516768014 -0.9694358610178901 -0.940063494217149 -0.8842435373358474 -0.7808919772965908 -0.6090117580413765
 -0.9972987987373381 -0.9947238549068904 -0.9919269343651707 -0.9851315269565036 -0.9776313381563612 -0.9604842400569195 -0.924704381654975 -0.8555572030428714 -0.7325158812584447 -0.5370904611407532
 -0.9936792721252281 -0.9874655467157155 -0.975454722272748 -0.9590321587719522 -0.923422756228812 -0.8545043872678526 -0.7493980345324019 -0.572861811415851 -0.3342803776576531 -0.1109893357977754
 -0.9980448377166594 -0.9948154184095146 -0.9897015974310374 -0.9793189328602322 -0.9654996572106369 -0.9353483514966341 -0.8814836658083172 -0.7809432615920007 -0.6109860867409147 -0.3710319370742585
 -1.000955741258779 -1.001754454171552 -1.002808896917219 -1.005287717419549 -1.010462582378111 -1.020350939401661 -1.038286605419298 -1.074955744725577 -1.153997009218553 -1.332340951797002
 -0.9748738752732424 -0.9622564386845209 -0.9481354000072011 -0.9103933391756311 -0.8346106497554735 -0.6990556447833017 -0.4929918546222236 -0.2423765114804715 -0.04175975243650529 0.006194133481130183
 0.9957537604049197 -1.001949138867727 -1.007418029890331 -1.014797771230397 -1.031876892270962 -1.061794809371884 -1.127751655070487 -1.270418670228114 -1.614957062470291 -2.609623180051016
 -0.9908051838150873 -0.9858826889652952 -0.9747441853182677 -0.9512215275921375 -0.9051411736391392 -0.8437896043531663 -0.7255781253998069 -0.5339390540822779 -0.2914111135920131 -0.08360537285844827
 -0.9933351534460444 -0.9864678823974705 -0.97347096831386 -0.9503382060895783 -0.9058795167819924 -0.8220295742315917 -0.6756932878249163 -0.4542404382180243 -0.1977882883028202 0.0008668629804659389
 -0.9995994987844204 -0.9989595722413116 -0.998165036769218 -0.9970038332486625 -0.9944188613219188 -0.9894887287462191 -0.9793452427549556 -0.9593582667117466 -0.9207096655810351 -0.8477166976210111
 -0.988672539974333 -0.9784656531548347 -0.9577924170688396 -0.9173531147460166 -0.8416340760929556 -0.7074682847216947 -0.5026583922741608 -0.2641964605006193 -0.07768768760331471 -0.006034530131883364
 -0.9946865678252127 -0.9916247100431547 -0.9853286973038095 -0.9718825220473748 -0.9482114921033544 -0.9032124115315217 -0.8188309513688816 -0.669689229271646 -0.4498304924987413 -0.1986269434334504
 -0.969728279476983 -0.9402110516027694 -0.8869312431095415 -0.7891487159157069 -0.6360196392425326 -0.4120941028774841 -0.1718777128167392 -0.03943519590934919 -0.005210302041060971 0.005542088620011663
 -0.9918006260028444 -0.9836186399946393 -0.9797879736976995 -0.9657174730529567 -0.938325290169849 -0.8831710712918068 -0.7920988891172442 -0.6337507652087434 -0.4037449540334956 -0.1582326726359395
 -0.9856936451547175 -0.9712784934962411 -0.9654978376463484 -0.9438411653743407 -0.8959980133999649 -0.8054578153697997 -0.6642589432970456 -0.4503787872236722 -0.207059439256359 -0.03391449667281948
 -0.9854154949454259 -0.9731322114289911 -0.9578068959703336 -0.9362530297187518 -0.901904676252322 -0.8269340489591295 -0.6909370026196061 -0.4803077097647945 -0.2318065295895947 -0.03956102971336283
 -0.9887231900593469 -0.9774036724410953 -0.9552661029858551 -0.9126773472220103 -0.8323106181470603 -0.6912823832124354 -0.4914553455886869 -0.2501745430137587 -0.06517703265425515 -0.0005495530684981605
 -0.999062827318717 -0.9976617135180017 -0.9956358801151387 -0.9903119022267559 -0.9867409342761756 -0.9764917831686584 -0.9582653894352072 -0.920148920740463 -0.8477500701645867 -0.7185884855869701
 -0.9999558554987001 -0.9999071133311004 -0.9998315692907844 -0.9996865185568568 -0.9994506104167066 -0.9989417512134842 -0.9979170197970796 -0.9958299853655052 -0.9916744578483234 -0.9834224271303611
 -0.9934484354057356 -0.9871971939447883 -0.9741664028958791 -0.9487948548907789 -0.9187448386043086 -0.85355734477246 -0.7450195345859748 -0.5652412706420318 -0.3248842994290883 -0.1055494698132656
 0.9917770043853957 -0.9938470767628796 -0.9956515400269944 -0.9953315955379745 -0.9922523155515387 -0.9851928361367112 -0.9710792453620785 -0.9434613745095882 -0.8908167292303925 -0.7935046989171145
 0.9945757562415714 -0.9994442153535383 -1.001981903781169 -1.005897478325184 -1.012710476836066 -1.025748914780722 -1.052249124666313 -1.107758724626434 -1.226740470725555 -1.50506097786516
 -0.9908243837608463 -0.9819211829262696 -0.9693532704610599 -0.9423102047541364 -0.8894628529264452 -0.8163875752148479 -0.6865272484097565 -0.4836358148895759 -0.241297012152433 -0.05781926102125534
 -0.9824726475286183 -0.9843147598151513 -0.9793205472601263 -0.9619072248726889 -0.9401887606853669 -0.8960273947066539 -0.8150324826204494 -0.6705985410384946 -0.4519610261833903 -0.2015151018235102
 -0.9969769107655587 -0.9966650124351012 -0.994060099784853 -0.9886384491551201 -0.9773197513466978 -0.9554164338981702 -0.9210655176435059 -0.8529949882250328 -0.7297213278612676 -0.5325544668596309
 -0.9847368625035708 -0.9725859422363036 -0.9472628464865077 -0.9009936327123 -0.8419449792328694 -0.7258414832620995 -0.5366472013768638 -0.2995736017910713 -0.09744484601192389 -0.002692639103005727
 -0.9929777343359939 -0.9869376309960943 -0.9737857378500629 -0.9690585235977979 -0.9517725989066134 -0.9151994194982939 -0.848598426428433 -0.7257278880192226 -0.5287553459253526 -0.2774072592594339
 -0.986797540755833 -0.9741482643466548 -0.9475803107778656 -0.8972258496516181 -0.803838843300116 -0.6707040989136531 -0.4662647453162721 -0.2292951941383106 -0.06172301783275202 -0.002234883334260832
 -0.9993715340394601 -0.9987462840464352 -0.9972991843089999 -0.9945746254805593 -0.9892507637579524 -0.9787762858251338 -0.9600586577343715 -0.9228910157985561 -0.852463728496845 -0.7262809177022158
 0.9840898321776619 -0.9799914492321145 -0.9765053986421154 -0.9602451523617993 -0.93510047230253 -0.8833282344919507 -0.7847282231914522 -0.617267353481881 -0.3792036644322597 -0.1345012335188917
 0.9667810707493941 -0.9499595889578093 -0.9122922727119324 -0.8495668353938611 -0.7310844452613962 -0.5393486121802797 -0.2911762815197274 -0.0830996845923964 -0.01671327376513793 -0.0007208072695668471
 -0.9842374185631843 -0.9738722941334732 -0.9513031191572376 -0.91374006901899 -0.8388581539560098 -0.7128659309646148 -0.5201437786076775 -0.2774212329205749 -0.07635543463288076 -0.001390560998663852
 -0.9877622477278885 -0.9791856605837226 -0.9593527574477829 -0.922413671699625 -0.8604848370811893 -0.7427561674621258 -0.5566370018905965 -0.3054229777167129 -0.07808171274958642 -0.003058433104630017
 -0.9976066607654408 -0.9948001502739791 -0.9896985629006624 -0.9835155558963717 -0.9737306198221554 -0.9514925111644271 -0.9108613148457632 -0.8327727357651065 -0.6943687265120335 -0.4815308408660568
 -1.000656219052545 -1.001347697499384 -1.003143503193789 -1.006359996386584 -1.013083600675498 -1.024584311671401 -1.048853516077839 -1.098378939018012 -1.20608925422649 -1.455738682386314
 -0.9993365164637308 -0.9988614177073736 -0.9976371936223142 -0.9954823312801037 -0.9928103574490285 -0.9865395886523362 -0.9736502137307067 -0.9490051397369054 -0.9015196132239029 -0.8127120578607752
 -0.9916640360006177 -0.9937182529746866 -0.9943447322392521 -0.9925255806018138 -0.9876673920318685 -0.9781295955512239 -0.9590099973485212 -0.9227850662421674 -0.8531823456922218 -0.7287706378788198
 -0.9876126082655542 -0.9746313620428769 -0.9517294319185226 -0.9058236047582358 -0.8329069519168691 -0.7002046307226334 -0.4953740975966687 -0.2526838775062917 -0.06348345168863231 0.0004555285321745031
 -0.490656803317273 -0.233149423815467 -0.03097185645065184 0.6986738147967743 -0.9993547159428879 -1.251209527810325 -1.648884219753546 -2.637816458228471 -6.920296854436716 -47.89405124942584
 -0.9838946883732304 -0.9673271411112299 -0.9354524265216968 -0.8936720961088694 -0.8084612565332613 -0.6584924382414301 -0.439209183181788 -0.1928941491928089 -0.02637728875420387 -0.0009543422967288408
 -0.9956443626651641 -0.9880129374739592 -0.9808259428249093 -0.9737594912053733 -0.9576977434552653 -0.9218514203264268 -0.8557987518605469 -0.7371564332753228 -0.544849039132844 -0.296858738747999


# name: DatT
# type: matrix
# rows: 1
# columns: 50
 5.843431949615479 5.711910963058472 7.138854026794434 6.33025598526001 5.418658971786499 5.083024024963379 5.76104998588562 5.491771221160889 5.277540922164917 5.699694156646729 5.37146782875061 6.497879028320312 6.014595031738281 5.926291942596436 5.919877767562866 5.352574825286865 5.376332998275757 5.690309047698975 5.221947193145752 5.566635847091675 5.419579029083252 5.734411001205444 5.33608603477478 5.557770967483521 5.436989068984985 5.506088972091675 5.195715188980103 5.15976881980896 5.784303903579712 5.483666181564331 5.356614112854004 5.592302083969116 5.62037181854248 5.1353759765625 5.610015869140625 5.286060810089111 5.275590181350708 5.290531158447266 5.351123809814453 5.3094801902771 5.535179853439331 5.239429950714111 5.527166128158569 5.136433839797974 5.722625017166138 5.204341888427734 5.544514179229736 5.479144811630249 5.682695150375366 5.535871982574463


