# Created by Octave 4.2.2, Wed Mar 20 11:03:05 2019 -05 <ubuntu@algoritmosb>
# name: DatK
# type: matrix
# rows: 1
# columns: 50
 2000 2000 2000 2000 2000 2000 2000 2000 2000 2000 2000 2000 2000 2000 2000 2000 2000 2000 2000 2000 2000 2000 2000 2000 2000 2000 2000 2000 2000 2000 2000 2000 2000 2000 2000 2000 2000 2000 2000 2000 2000 2000 2000 2000 2000 2000 2000 2000 2000 2000


# name: DatF
# type: matrix
# rows: 1
# columns: 50
 5.271923037373227e-98 1.495473618787304e-94 9.077577919997031e-94 1.327643028580852e-94 1.942336070582885e-95 1.090048086070033e-97 8.895595300634827e-94 4.478477141821155e-97 1.23307367355464e-93 2.384322096302898e-93 1.374415417666645e-94 1.856573483939479e-93 1.043798912741263e-95 9.077716504692109e-98 4.031642915360961e-100 1.240733425032083e-92 2.38541162748378e-97 3.287232247982391e-97 6.676948117239266e-98 1.405954507273325e-98 9.671563908534257e-95 1.091238073945561e-95 8.369967818617062e-95 9.524304692371732e-97 3.409978377309304e-97 5.037183553611888e-94 8.080398563567532e-92 3.010550738527768e-95 7.462035542962874e-95 3.308139536054211e-95 6.002259937375725e-96 7.363269588747387e-94 6.139591292483717e-94 2.331347109698337e-94 1.498822729117853e-93 5.723864678936052e-95 2.30227711314629e-92 2.553510263774448e-94 9.401186099779391e-94 1.157497588700589e-94 2.662642493087154e-94 2.774008161074932e-99 5.239558154747159e-95 2.278515202450717e-95 5.291375619667691e-96 3.824040518636991e-93 8.565251096794492e-95 1.500570089377556e-96 9.324873728105884e-94 7.049226937330162e-96


# name: DatP
# type: matrix
# rows: 50
# columns: 10
 4.412997904984454e-50 6.292185497667668e-50 7.906381375683726e-51 7.546431196908687e-50 2.189906765310565e-50 -1.588715342730866e-50 3.987224937679207e-50 -1.319482623262053e-49 6.153329447803071e-50 1.324265264324819e-49
 6.447676135279617e-48 1.637820859805687e-48 3.263233928371071e-48 -4.098237738767432e-48 1.486914378314403e-48 -1.124103535037511e-48 -1.230998943056017e-48 3.605383514025312e-48 7.234960928426168e-48 2.741313095388058e-48
 -1.13433865419174e-47 3.365225573825756e-48 2.532495413222737e-47 -7.26717527944702e-48 3.323397829591616e-48 1.768403497319138e-48 -2.618470405459473e-48 4.992061914049949e-48 -4.124049965266571e-48 3.261657655079483e-48
 9.059586502057634e-49 2.910963531016834e-48 8.13105103160835e-48 -3.894493971169532e-48 3.186012927783636e-48 -2.140035874071571e-48 -3.368360272371124e-48 3.907193321001152e-48 9.125875528112654e-49 -1.161912267326682e-49
 -3.826551287941583e-49 -1.83001094470323e-48 -1.957724854391497e-48 -1.529483220562073e-48 -2.879555127122472e-48 2.876955293413329e-50 -7.941882555887899e-50 -9.45739534476296e-49 -7.46673744914978e-49 -7.122118670964296e-50
 -1.459825009690083e-49 2.651525055003085e-51 -1.018773741460258e-49 1.224927815162239e-50 1.70856916296322e-49 -1.556667480449287e-49 3.620699939325449e-50 -7.008604761006737e-50 -6.428687694670263e-50 1.156625157049529e-49
 1.328346017140886e-47 1.917782848905938e-47 6.093568082364817e-48 -9.035705279409108e-48 3.063743754793063e-48 -5.666217504336101e-48 2.094392432302434e-48 -1.326482296886702e-47 -1.176275330222212e-48 -1.82383941225853e-48
 -1.586640921717907e-49 4.868090117231521e-49 5.806391618229112e-50 1.96790238723588e-49 -1.741761277624521e-49 1.202345554184521e-49 1.288700047545143e-50 -1.998437910929018e-49 1.460157882897149e-49 -1.933253523848713e-49
 -1.363490587880371e-47 1.316937738711913e-47 -6.579397594359076e-48 1.213145025208982e-47 -4.69809567883884e-48 1.770513745729369e-47 -1.058625634879069e-47 -9.091967574400126e-48 -1.09756100315328e-47 -5.703441744519279e-48
 -3.834880135512793e-47 -3.774931655334399e-48 -1.074054808585821e-47 -8.089522149938559e-49 -1.258525275763624e-47 3.07300830721571e-48 1.377378150658753e-48 1.86237911583655e-47 7.482564785985138e-48 1.45211616122133e-47
 8.315099528602241e-50 4.549754629383927e-48 5.605207461681968e-48 -1.194412687106938e-49 1.530320614237431e-48 7.193071697477628e-49 -3.033753847165186e-48 6.343900667036848e-48 5.740460890258515e-48 -2.020650589842061e-49
 -1.232654096410962e-47 1.176104953094255e-47 -1.370280787627385e-47 -1.239817633846761e-47 -8.327757944763048e-48 -2.276439444657842e-47 -7.768665584331844e-49 5.067317684978472e-48 -1.026775060114477e-47 -2.248441073350868e-47
 2.309981399880146e-49 -8.217861033425413e-49 -3.969075895511561e-49 6.10971826848845e-49 2.732203407986062e-48 4.883855193705908e-50 9.045434606560968e-49 -2.063533999867356e-50 -7.974780556688445e-49 5.065153242791184e-49
 9.966435477151433e-50 1.06573067132661e-49 1.006997751934714e-49 -4.551561832390077e-50 -1.656568203086512e-49 1.143948308881e-49 -8.162961266783431e-50 9.848798335394159e-50 1.826812936586499e-50 -6.991854744543486e-51
 -6.990252263803922e-51 1.343641640846787e-50 3.716219371675151e-51 7.579183380987645e-51 2.687638068805695e-51 -1.858279557558508e-51 1.363663320572995e-51 3.600845170747336e-51 -4.40842323608972e-51 7.58766179100537e-51
 -3.956836727633115e-47 -1.109367057537142e-47 4.303653274228476e-48 -7.022221497734872e-47 2.420806303167963e-47 6.394599964607624e-47 8.583842591045782e-48 1.64900887315936e-47 -1.672236738346174e-47 -2.164633893638088e-47
 -4.265202814716725e-50 1.51173638437334e-49 -1.873377132940868e-49 1.605849001119418e-49 -9.778312267003071e-50 -5.209227439536595e-50 -2.994781301495025e-49 5.616703744595076e-50 5.634630262709019e-50 -2.114086867536064e-49
 -1.333764987303312e-49 -2.084488289775435e-49 1.712898666163615e-50 1.426429982808456e-49 -2.627677710487493e-49 -8.698846577385688e-51 3.445322834228483e-49 -3.611777771214887e-50 1.921641087412478e-50 2.394655776347614e-49
 -1.273287771579917e-49 -2.502812610675755e-50 9.898781332912834e-50 2.805483584719718e-50 9.594092290814255e-50 -3.247502000635112e-50 -5.81549146220434e-50 -1.52966029259847e-49 4.123140810300241e-50 -2.459428291442798e-50
 -2.933579051189933e-50 5.651792330832573e-50 -6.023096674258868e-50 3.4530199928405e-51 -6.648266973603688e-50 8.974939773450921e-51 3.363516432752771e-50 4.826600317659134e-51 2.479822938524669e-50 -9.742723494694586e-51
 -1.772713920348999e-48 -5.566352481162585e-48 1.392304449995726e-48 1.076933572153786e-48 -5.196598339448952e-48 2.898885939246571e-48 4.141805263531099e-48 5.516233306851609e-50 -2.514855482707574e-48 7.74778086845442e-49
 -1.100715357579925e-48 1.080498593012526e-48 -7.92620596726192e-49 1.242515178043055e-48 -1.689597791016991e-49 -8.266346477921908e-50 2.0193332231946e-49 -7.245686400005829e-49 -1.004066265182607e-48 2.179892509401069e-48
 -4.449096639454375e-48 -9.950487939612972e-49 1.553696509503264e-48 -4.500770708437421e-49 4.125327408944391e-48 1.646474825062333e-48 2.261572443164878e-48 -4.240670049732909e-48 1.404137246189783e-48 3.936972642803973e-48
 -5.323932851807999e-50 2.441004287738618e-49 -7.435515308498072e-49 2.100475582669853e-49 4.185269753562774e-49 -6.604479685358706e-50 -1.320073096321157e-49 -9.293376929281856e-50 -2.308836288964787e-49 -1.847310433834202e-49
 -1.242139762150147e-49 -4.538322896111661e-50 9.165302479780552e-50 -1.146365592263734e-49 1.75352543230586e-49 5.693156156272463e-50 8.362966325789159e-50 4.225825262428795e-50 -4.974076706534818e-49 1.08551749277412e-49
 -6.300102957062173e-48 4.617751218246368e-48 4.243323642492993e-49 -8.988359488906223e-48 -6.65652777314868e-48 -6.952886597262446e-48 -1.703298682788595e-48 4.597766625927837e-48 1.231766016839615e-48 1.560521840994902e-47
 -1.928214295228688e-46 -4.501672746877071e-47 -8.080752175953146e-47 1.844547520232472e-47 -6.199937449611692e-47 -3.833874870235851e-48 1.03053436365393e-46 1.087033489213685e-46 5.231592212963397e-47 -7.546707570813357e-47
 -1.230233929143644e-48 -6.682354565234092e-49 2.386936256436414e-48 3.096836229627777e-48 -7.046647808011169e-49 -1.263706538896737e-48 -3.978468157036129e-50 1.138826498624281e-48 2.656642273359028e-48 -1.551731439674397e-48
 2.351568384353498e-48 -4.407591212600573e-48 1.874492248058956e-48 5.507261040870019e-49 9.737336261661252e-49 1.07578676237485e-49 -5.43408812069812e-48 8.781259112772993e-49 -1.660987186981073e-48 3.439123905153189e-48
 -1.454976202797402e-48 2.763253761293421e-48 -1.069585258137259e-48 -2.169545151069434e-48 -1.222880980518525e-48 -1.776745799004444e-48 8.454654203339082e-49 2.406456172224919e-48 -8.755024102409556e-49 -2.356547981821773e-48
 1.213395689424624e-48 -1.960953652549269e-49 -5.552373730411627e-49 -7.858226722883942e-51 -5.105076834954867e-49 1.894200756678896e-49 -9.429090780192094e-49 1.5698938647412e-48 -2.820581655972477e-49 6.733706328026101e-49
 8.770075326831977e-48 5.451635447894882e-48 1.96235645204895e-47 2.076868418138425e-48 7.759465298634933e-48 4.087309130318424e-48 -7.083927791573456e-48 9.731517910019807e-48 9.364581673813961e-49 -4.197370168044526e-48
 2.765600406214277e-48 -7.277505902512015e-48 -7.650841291287226e-48 -6.694050298946107e-48 1.661812198279857e-47 -5.384167402109694e-48 -7.385168006307915e-48 3.076849314372529e-48 -6.495497053753463e-48 -6.217104036603668e-48
 7.533656090112596e-48 -3.829744271583242e-48 6.74915109232913e-49 7.888787960584258e-48 -4.615331351934734e-48 -3.133640168238161e-48 -2.022616842220454e-48 7.916048448816811e-48 -4.409177945596018e-50 -1.07031752142837e-48
 1.153504408769304e-47 -6.109240121039652e-48 -7.980007023114597e-48 -2.417407758523091e-47 -1.927467603407701e-47 4.911854749359738e-48 -5.087885739123564e-48 -1.486204269646578e-47 5.788103700534879e-49 -6.134717908977326e-48
 -4.123167159977902e-48 3.065068381210439e-48 -3.360520628314665e-48 -2.412987711945985e-48 2.551040507014518e-49 1.127089129479814e-48 5.387798753691644e-49 3.022515398737269e-48 1.305812441951158e-48 1.123142636389767e-48
 5.181893617258924e-47 9.772269897367393e-48 -2.004557302908317e-47 3.255664082754051e-47 2.888347179405924e-47 -7.146983354206807e-47 1.85195417247736e-47 9.980411901795754e-47 5.033470238190572e-47 -8.37827242828696e-49
 -2.954409223691616e-49 -3.140765349350075e-48 -8.397924578385552e-48 -5.894110399608268e-49 4.389248410236703e-48 2.862825215172047e-48 -6.606906205984786e-48 -7.025644250810857e-48 -2.802594174918199e-48 -6.79706560057859e-48
 2.406616355686157e-48 2.048486539360911e-47 4.590818279287953e-48 1.269777686840742e-47 -1.506947405175351e-47 6.307750831726577e-49 -7.28561326880951e-48 -7.120304519446055e-48 3.425106585235221e-49 1.002402873783107e-48
 -2.724341761530031e-48 2.911838826246847e-48 -5.01781694240297e-48 3.803005184619165e-48 3.287079690484191e-48 -2.364063976849041e-48 -6.132594302777201e-48 -1.789742957058182e-48 1.697727457850077e-48 3.460022406509211e-49
 -4.67863267422497e-48 -7.219622035944509e-48 1.266371709538623e-49 1.230730784919415e-48 2.879563883478828e-48 -9.256773455074729e-49 7.240217299448171e-50 1.204572620042994e-47 9.229593150192292e-49 5.967879493915564e-48
 1.738652703360593e-50 -3.453057832865045e-50 3.087118552043794e-53 -7.864986869053351e-51 -2.311631790527789e-50 -2.999864909018906e-52 -3.743617196543576e-51 2.293043439115137e-50 -7.642865487068241e-51 -9.209234401724887e-51
 2.92841149753534e-49 -2.173224108452233e-48 -7.98769405887737e-49 -2.946916450068045e-48 -3.216985216346791e-48 -4.25722719292642e-48 2.228653206484481e-48 1.75611250959218e-48 -6.581554055912147e-49 1.14350400176217e-48
 -2.134250563248607e-48 1.185162626645448e-48 3.468910170968035e-49 -1.026458017005475e-48 1.380258443492774e-48 1.220480984724751e-48 2.977826760285322e-49 3.395941020832521e-48 7.677336515557704e-49 -2.15347542384584e-49
 -4.956688049054227e-49 -7.538715494539867e-49 -1.045324182899767e-48 -1.146400056246337e-48 -1.381795571783978e-48 1.510227065955934e-49 -1.637751470267645e-49 -3.124803414900835e-50 3.262939014563589e-49 -6.321943893930722e-50
 -1.047235743803573e-47 3.654201600539678e-47 1.803776734990977e-47 8.902216847631954e-50 2.919564570672738e-47 -2.376057252747738e-47 3.631597903816148e-48 1.806174885807908e-47 -1.28478788632966e-47 1.149993639864392e-47
 -2.152880767113951e-48 -2.820691619062484e-48 -3.912078213066844e-48 2.447102104687606e-49 -2.687354033447029e-48 3.231339139933013e-49 6.553970109218524e-48 -1.158344961448057e-48 -2.434396043342971e-48 -3.849890425505047e-49
 1.768024631948309e-49 6.866047973954257e-49 5.542130220759595e-49 -1.627464851964461e-49 -4.563230341286301e-50 -2.513148405917662e-49 6.377828761727096e-50 -2.638546625889669e-49 -6.176048169693398e-49 -3.793180976377591e-49
 -3.812223463000372e-48 9.543467940782065e-48 2.644879100433952e-48 -2.107650997324937e-47 5.053539182409983e-48 -3.287953740213337e-48 -3.793279015357079e-49 1.422760516785661e-47 -5.334899495196999e-48 1.040592126985965e-47
 6.490724450705977e-49 -2.600595614858968e-49 -1.1625168539939e-48 1.718970117041858e-48 1.029199980985862e-48 5.557027544251957e-49 -1.809150100108358e-49 -1.570861428819188e-49 8.343346778468491e-49 -3.638934182279636e-49


# name: DatT
# type: matrix
# rows: 1
# columns: 50
 3.483728885650635 3.494227886199951 3.495249032974243 3.486977100372314 3.477342128753662 3.488770008087158 3.962764978408813 3.491441011428833 3.477633953094482 3.48717999458313 3.493468999862671 3.488014936447144 3.488446950912476 3.490370988845825 3.933628082275391 3.482802152633667 3.757625102996826 3.490876197814941 3.490087985992432 3.490021944046021 3.489614963531494 3.480370998382568 3.490593910217285 3.483544826507568 3.484086990356445 3.475906133651733 3.487895965576172 3.474269866943359 3.489564180374146 3.479936122894287 3.489672183990479 3.480101823806763 3.482730865478516 3.492859840393066 3.490612983703613 3.487596988677979 3.495867967605591 3.49095606803894 3.501500844955444 3.495637893676758 3.501712083816528 3.867186069488525 3.488009929656982 3.490918159484863 3.497880935668945 3.493366003036499 3.494643211364746 3.50199294090271 3.491641044616699 3.490799188613892


